  4
3    1   2   3 
3    0   2   3 
3    0   1   3 
3    0   2   1 
  6
3    1   2   4 
3    0   3   5 
3    0   3   5 
3    1   2   4 
3    0   3   5 
3    1   4   2 
 10
3    1   4   5 
3    0   2   6 
3    1   3   7 
3    2   4   8 
3    3   0   9 
3    0   7   8 
3    1   8   9 
3    2   5   9 
3    3   6   5 
3    4   7   6 
 14
3    1   5   6 
3    0   2   7 
3    1   3   8 
3    2   4   9 
3    3   5  10 
3    4   0  11 
3    0   9  12 
3    1  10  13 
3    2  11  12 
3    3   6  13 
3    4   7  12 
3    5   8  13 
3    6   8  10 
3    7   9  11 
 24
3    1   7   8 
3    0   2   9 
3    1   3  10 
3    2   4  11 
3    3   5  12 
3    4   6  13 
3    5   7  14 
3    6   0  15 
3    0  16  12 
3    1  17  13 
3    2  18  14 
3    3  19  15 
3    4  20   8 
3    5  21   9 
3    6  22  10 
3    7  23  11 
3    8  19  21 
3    9  20  22 
3   10  21  23 
3   11  16  22 
3   12  17  23 
3   13  18  16 
3   14  19  17 
3   15  20  18 
 30
  5    1   8  15  22  29
  5    0   2   5  17  27
  5    1   3  14  20  24
  5    2   4   7  18  29
  5    3   5  12  16  22
  5    1   4   6   9  19
  5    5   7  14  21  28
  5    3   6   8  11  23
  5    0   7   9  20  26
  5    5   8  10  13  24
  5    9  11  18  22  28
  5    7  10  12  15  25
  5    4  11  13  20  27
  5    9  12  14  17  29
  5    2   6  13  15  26
  5    0  11  14  16  19
  5    4  15  17  24  28
  5    1  13  16  18  21
  5    3  10  17  19  26
  5    5  15  18  20  23
  5    2   8  12  19  21
  5    6  17  20  22  25
  5    0   4  10  21  23
  5    7  19  22  24  27
  5    2   9  16  23  25
  5   11  21  24  26  29
  5    8  14  18  25  27
  5    1  12  23  26  28
  5    6  10  16  27  29
  5    0   3  13  25  28

 30
  5    1   6  21  24  29
  5    0   2  10  13  19
  5    1   3   8  17  26
  5    2   4  12  15  21
  5    3   5  10  25  28
  5    4   6  17  20  23
  5    0   5   7  12  27
  5    6   8  16  19  25
  5    2   7   9  14  23
  5    8  10  18  21  27
  5    1   4   9  11  16
  5   10  12  23  26  29
  5    3   6  11  13  18
  5    1  12  14  22  25
  5    8  13  15  20  29
  5    3  14  16  24  27
  5    7  10  15  17  22
  5    2   5  16  18  29
  5    9  12  17  19  24
  5    1   7  18  20  28
  5    5  14  19  21  26
  5    0   3   9  20  22
  5   13  16  21  23  28
  5    5   8  11  22  24
  5    0  15  18  23  25
  5    4   7  13  24  26
  5    2  11  20  25  27
  5    6   9  15  26  28
  5    4  19  22  27  29
  5    0  11  14  17  28

 30
  5    1   6   9  24  29
  5    0   2  13  19  22
  5    1   3   8  11  26
  5    2   4  15  21  24
  5    3   5  10  13  28
  5    4   6  17  23  26
  5    0   5   7  12  15
  5    6   8  19  25  28
  5    2   7   9  14  17
  5    0   8  10  21  27
  5    4   9  11  16  19
  5    2  10  12  23  29
  5    6  11  13  18  21
  5    1   4  12  14  25
  5    8  13  15  20  23
  5    3   6  14  16  27
  5   10  15  17  22  25
  5    5   8  16  18  29
  5   12  17  19  24  27
  5    1   7  10  18  20
  5   14  19  21  26  29
  5    3   9  12  20  22
  5    1  16  21  23  28
  5    5  11  14  22  24
  5    0   3  18  23  25
  5    7  13  16  24  26
  5    2   5  20  25  27
  5    9  15  18  26  28
  5    4   7  22  27  29
  5    0  11  17  20  28

 30
  5    1   2   3   4   5
  5    0   6   7   8   9
  5    0  10  11  12  13
  5    0  14  15  16  17
  5    0  18  19  20  21
  5    0  22  23  24  25
  5    1  10  14  18  22
  5    1  11  15  19  23
  5    1  12  16  20  24
  5    1  13  17  21  25
  5    2   6  15  20  26
  5    2   7  14  21  27
  5    2   8  18  25  28
  5    2   9  19  24  29
  5    3   6  11  25  29
  5    3   7  10  24  28
  5    3   8  21  23  26
  5    3   9  20  22  27
  5    4   6  12  23  27
  5    4   7  13  22  26
  5    4   8  10  17  29
  5    4   9  11  16  28
  5    5   6  17  19  28
  5    5   7  16  18  29
  5    5   8  13  15  27
  5    5   9  12  14  26
  5   10  16  19  25  27
  5   11  17  18  24  26
  5   12  15  21  22  29
  5   13  14  20  23  28
 30
3    1   9  10 
3    0   2  11 
3    1   3  12 
3    2   4  13 
3    3   5  14 
3    4   6  15 
3    5   7  16 
3    6   8  17 
3    7   9  18 
3    8   0  19 
3    0  20  15 
3    1  21  16 
3    2  22  17 
3    3  23  18 
3    4  24  19 
3    5  25  10 
3    6  26  11 
3    7  27  12 
3    8  28  13 
3    9  29  14 
3   10  23  27 
3   11  24  28 
3   12  25  29 
3   13  20  26 
3   14  21  27 
3   15  22  28 
3   16  23  29 
3   17  24  20 
3   18  25  21 
3   19  26  22 
58
3    1   18   57 
3    0    2   37 
3    1    3   10 
3    2    4   31 
3    3    5   25 
3    4    6   41 
3    5    7   54 
3    6    8   16 
3    7    9   22 
3    8   10   49 
3    2    9   11 
3   10   12   43 
3   11   13   53 
3   12   14   26 
3   13   15   38 
3   14   16   32 
3    7   15   17 
3   16   18   45 
3    0   17   19 
3   18   20   52 
3   19   21   40 
3   20   22   30 
3    8   21   23 
3   22   24   36 
3   23   25   46 
3    4   24   26 
3   13   25   27 
3   26   28   57 
3   27   29   50 
3   28   30   44 
3   21   29   31 
3    3   30   32 
3   15   31   33 
3   32   34   56 
3   33   35   42 
3   34   36   51 
3   23   35   37 
3    1   36   38 
3   14   37   39 
3   38   40   48 
3   20   39   41 
3    5   40   42 
3   34   41   43 
3   11   42   44 
3   29   43   45 
3   17   44   46 
3   24   45   47 
3   46   48   55 
3   39   47   49 
3    9   48   50 
3   28   49   51 
3   35   50   52 
3   19   51   53 
3   12   52   54 
3    6   53   55 
3   47   54   56 
3   33   55   57 
3    0   27   56 
58
3    6   50   57 
3    2   22   56 
3    1    3   47 
3    2    4   23 
3    3    5   41 
3    4    6   35 
3    0    5    7 
3    6    8   45 
3    7    9   27 
3    8   10   39 
3    9   11   32 
3   10   12   53 
3   11   13   28 
3   12   14   48 
3   13   15   42 
3   14   16   27 
3   15   17   30 
3   16   18   52 
3   17   19   46 
3   18   20   40 
3   19   21   28 
3   20   22   34 
3    1   21   27 
3    3   24   26 
3   23   25   51 
3   24   33   44 
3   23   28   29 
3    8   15   22 
3   12   20   26 
3   26   30   37 
3   16   29   31 
3   30   32   57 
3   10   31   33 
3   25   32   34 
3   21   33   35 
3    5   34   36 
3   35   37   54 
3   29   36   38 
3   37   39   49 
3    9   38   40 
3   19   39   41 
3    4   40   42 
3   14   41   43 
3   42   44   55 
3   25   43   45 
3    7   44   46 
3   18   45   47 
3    2   46   48 
3   13   47   49 
3   38   48   50 
3    0   49   51 
3   24   50   52 
3   17   51   53 
3   11   52   54 
3   36   53   55 
3   43   54   56 
3    1   55   57 
3    0   31   56 
58
3    1    8   54 
3    0    2   21 
3    1    3   34 
3    2    4   53 
3    3    5   26 
3    4    6   43 
3    5    7   31 
3    6    8   50 
3    0    7   39 
3   10   17   54 
3    9   11   24 
3   10   12   29 
3   11   13   44 
3   12   14   19 
3   13   15   52 
3   14   16   32 
3   15   17   41 
3    9   16   48 
3   19   26   55 
3   13   18   20 
3   19   21   47 
3    1   20   22 
3   21   23   42 
3   22   24   51 
3   10   23   25 
3   24   26   38 
3    4   18   25 
3   28   35   55 
3   27   29   40 
3   11   28   30 
3   29   31   46 
3    6   30   32 
3   15   31   33 
3   32   34   37 
3    2   33   35 
3   27   34   49 
3   37   44   56 
3   33   36   38 
3   25   37   39 
3    8   38   40 
3   28   39   41 
3   16   40   42 
3   22   41   43 
3    5   42   44 
3   12   36   43 
3   46   53   56 
3   30   45   47 
3   20   46   48 
3   17   47   49 
3   35   48   50 
3    7   49   51 
3   23   50   52 
3   14   51   53 
3    3   45   52 
3    0    9   57 
3   18   27   57 
3   36   45   57 
3   54   55   56 
58
3    1    8    9 
3    0    2   18 
3    1    3   27 
3    2    4   13 
3    3    5   22 
3    4    6   54 
3    5    7   55 
3    6    8   49 
3    0    7   32 
3    0   10   17 
3    9   11   47 
3   10   12   44 
3   11   13   48 
3    3   12   14 
3   13   15   46 
3   14   16   25 
3   15   17   29 
3    9   16   40 
3    1   19   26 
3   18   20   50 
3   19   21   51 
3   20   22   33 
3    4   21   23 
3   22   24   38 
3   23   25   53 
3   15   24   26 
3   18   25   43 
3    2   28   35 
3   27   29   36 
3   16   28   30 
3   29   31   56 
3   30   32   48 
3    8   31   33 
3   21   32   34 
3   33   35   41 
3   27   34   45 
3   28   37   44 
3   36   38   49 
3   23   37   39 
3   38   40   52 
3   17   39   41 
3   34   40   42 
3   41   43   54 
3   26   42   44 
3   11   36   43 
3   35   53   55 
3   14   49   51 
3   10   53   57 
3   12   31   52 
3    7   37   46 
3   19   52   55 
3   20   46   57 
3   39   48   50 
3   24   45   47 
3    5   42   56 
3    6   45   50 
3   30   54   57 
3   47   51   56 
58
3    1    8    9 
3    0    2   18 
3    1    3   27 
3    2    4   13 
3    3    5   22 
3    4    6   41 
3    5    7   54 
3    6    8   49 
3    0    7   32 
3    0   10   17 
3    9   11   47 
3   10   12   44 
3   11   13   48 
3    3   12   14 
3   13   15   46 
3   14   16   25 
3   15   17   29 
3    9   16   40 
3    1   19   26 
3   18   20   50 
3   19   21   38 
3   20   22   33 
3    4   21   23 
3   22   24   47 
3   23   25   55 
3   15   24   26 
3   18   25   43 
3    2   28   35 
3   27   29   36 
3   16   28   30 
3   29   31   57 
3   30   32   48 
3    8   31   33 
3   21   32   34 
3   33   35   53 
3   27   34   45 
3   28   37   44 
3   36   38   49 
3   20   37   39 
3   38   40   52 
3   17   39   41 
3    5   40   42 
3   41   43   53 
3   26   42   44 
3   11   36   43 
3   35   54   55 
3   14   49   51 
3   10   23   56 
3   12   31   52 
3    7   37   46 
3   19   54   57 
3   46   53   56 
3   39   48   55 
3   34   42   51 
3    6   45   50 
3   24   45   52 
3   47   51   57 
3   30   50   56 
58
3    1    8    9 
3    0    2   18 
3    1    3   27 
3    2    4   13 
3    3    5   22 
3    4    6   42 
3    5    7   54 
3    6    8   49 
3    0    7   32 
3    0   10   17 
3    9   11   47 
3   10   12   44 
3   11   13   48 
3    3   12   14 
3   13   15   46 
3   14   16   25 
3   15   17   29 
3    9   16   40 
3    1   19   26 
3   18   20   50 
3   19   21   38 
3   20   22   33 
3    4   21   23 
3   22   24   47 
3   23   25   55 
3   15   24   26 
3   18   25   43 
3    2   28   35 
3   27   29   36 
3   16   28   30 
3   29   31   57 
3   30   32   48 
3    8   31   33 
3   21   32   34 
3   33   35   53 
3   27   34   45 
3   28   37   44 
3   36   38   49 
3   20   37   39 
3   38   40   52 
3   17   39   41 
3   40   42   53 
3    5   41   43 
3   26   42   44 
3   11   36   43 
3   35   54   55 
3   14   49   51 
3   10   23   56 
3   12   31   52 
3    7   37   46 
3   19   54   57 
3   46   53   56 
3   39   48   55 
3   34   41   51 
3    6   45   50 
3   24   45   52 
3   47   51   57 
3   30   50   56 
58
3    1    2    3 
3    0    4    5 
3    0    6    9 
3    0    7    8 
3    1   11   16 
3    1   12   17 
3    2   10   13 
3    3   14   20 
3    3   18   19 
3    2   15   21 
3    6   34   39 
3    4   23   41 
3    5   24   42 
3    6   29   43 
3    7   25   45 
3    9   26   27 
3    4   28   31 
3    5   38   44 
3    8   30   36 
3    8   22   37 
3    7   32   35 
3    9   33   40 
3   19   24   34 
3   11   26   35 
3   12   22   27 
3   14   27   28 
3   15   23   30 
3   15   24   25 
3   16   25   29 
3   13   28   36 
3   18   26   38 
3   16   33   37 
3   20   39   46 
3   21   31   46 
3   10   22   55 
3   20   23   53 
3   18   29   48 
3   19   31   49 
3   17   30   50 
3   10   32   47 
3   21   48   54 
3   11   51   57 
3   12   46   52 
3   13   52   56 
3   17   47   49 
3   14   50   51 
3   32   33   42 
3   39   44   57 
3   36   40   57 
3   37   44   56 
3   38   45   55 
3   41   45   52 
3   42   43   51 
3   35   54   56 
3   40   53   55 
3   34   50   54 
3   43   49   53 
3   41   47   48 
58
3    1    2    3 
3    0    5    9 
3    0    6    8 
3    0    4    7 
3    3   11   19 
3    1   12   20 
3    2   13   14 
3    3   10   18 
3    2   15   21 
3    1   16   17 
3    7   33   36 
3    4   34   42 
3    5   30   35 
3    6   31   41 
3    6   23   25 
3    8   24   45 
3    9   28   43 
3    9   29   44 
3    7   26   38 
3    4   27   37 
3    5   32   40 
3    8   22   39 
3   21   29   33 
3   14   28   34 
3   15   26   35 
3   14   30   36 
3   18   24   28 
3   19   29   31 
3   16   23   26 
3   17   22   27 
3   12   25   37 
3   13   27   40 
3   20   38   39 
3   10   22   52 
3   11   23   53 
3   12   24   46 
3   10   25   55 
3   19   30   48 
3   18   32   49 
3   21   32   51 
3   20   31   47 
3   13   46   54 
3   11   46   56 
3   16   48   51 
3   17   49   50 
3   15   47   50 
3   35   41   42 
3   40   45   53 
3   37   43   57 
3   38   44   54 
3   44   45   55 
3   39   43   56 
3   33   53   57 
3   34   47   52 
3   41   49   57 
3   36   50   56 
3   42   51   55 
3   48   52   54 
58
3    1    2    3 
3    0    5    7 
3    0    6    8 
3    0    4    9 
3    3   11   13 
3    1   14   19 
3    2   18   21 
3    1   10   20 
3    2   15   17 
3    3   12   16 
3    7   23   45 
3    4   22   28 
3    9   31   44 
3    4   32   43 
3    5   34   42 
3    8   27   35 
3    9   30   33 
3    8   24   39 
3    6   29   40 
3    5   26   41 
3    7   25   38 
3    6   36   37 
3   11   24   42 
3   10   24   31 
3   17   22   23 
3   20   27   28 
3   19   29   32 
3   15   25   30 
3   11   25   36 
3   18   26   33 
3   16   27   34 
3   12   23   37 
3   13   26   35 
3   16   29   48 
3   14   30   49 
3   15   32   51 
3   21   28   52 
3   21   31   46 
3   20   40   47 
3   17   41   47 
3   18   38   50 
3   19   39   52 
3   14   22   53 
3   13   46   49 
3   12   50   51 
3   10   48   54 
3   37   43   55 
3   38   39   55 
3   33   45   56 
3   34   43   57 
3   40   44   57 
3   35   44   53 
3   36   41   54 
3   42   51   56 
3   45   52   57 
3   46   47   56 
3   48   53   55 
3   49   50   54 
58
3   24   46   50 
3   14   22   24 
3   13   20   25 
3   25   47   52 
3   16   26   54 
3   15   21   26 
3   27   48   49 
3   19   27   56 
3   28   46   48 
3   16   28   57 
3   29   47   51 
3   19   29   55 
3   30   50   56 
3    2   30   54 
3    1   31   49 
3    5   31   53 
3    4    9   32 
3   32   47   49 
3   33   46   53 
3    7   11   33 
3    2   34   48 
3    5   34   51 
3    1   35   55 
3   35   52   57 
3    0    1   36 
3    2    3   36 
3    4    5   37 
3    6    7   37 
3    8    9   38 
3   10   11   38 
3   12   13   39 
3   14   15   39 
3   16   17   40 
3   18   19   40 
3   20   21   41 
3   22   23   41 
3   24   25   42 
3   26   27   42 
3   28   29   43 
3   30   31   43 
3   32   33   44 
3   34   35   44 
3   36   37   45 
3   38   39   45 
3   40   41   45 
3   42   43   44 
3    0    8   18 
3    3   10   17 
3    6    8   20 
3    6   14   17 
3    0   12   51 
3   10   21   50 
3    3   23   53 
3   15   18   52 
3    4   13   55 
3   11   22   54 
3    7   12   57 
3    9   23   56 
58
3    9   24   46 
3   12   24   47 
3   25   48   52 
3   17   25   54 
3   26   49   50 
3   20   26   51 
3   13   27   56 
3    8   19   27 
3    7   28   55 
3    0   20   28 
3   29   47   57 
3   29   48   49 
3    1   30   50 
3    6   21   30 
3   31   46   53 
3   31   51   54 
3   32   46   49 
3    3   32   56 
3   33   47   51 
3    7   33   52 
3    5    9   34 
3   13   34   48 
3   35   50   55 
3   35   53   57 
3    0    1   36 
3    2    3   36 
3    4    5   37 
3    6    7   37 
3    8    9   38 
3   10   11   38 
3   12   13   39 
3   14   15   39 
3   16   17   40 
3   18   19   40 
3   20   21   41 
3   22   23   41 
3   24   25   42 
3   26   27   42 
3   28   29   43 
3   30   31   43 
3   32   33   44 
3   34   35   44 
3   36   37   45 
3   38   39   45 
3   40   41   45 
3   42   43   44 
3    0   14   16 
3    1   10   18 
3    2   11   21 
3    4   11   16 
3    4   12   22 
3    5   15   18 
3    2   19   53 
3   14   23   52 
3    3   15   55 
3    8   22   54 
3    6   17   57 
3   10   23   56 
58
3   24   48   50 
3    8   16   24 
3   19   25   46 
3   11   25   49 
3    9   26   54 
3   12   20   26 
3   18   27   47 
3   15   27   51 
3    1   28   52 
3    4   22   28 
3   20   29   50 
3    3   29   47 
3    5   16   30 
3   23   30   55 
3   21   31   53 
3    7   31   46 
3    1   12   32 
3   32   49   51 
3    6   33   48 
3    2   33   56 
3    5   10   34 
3   14   34   52 
3    9   35   46 
3   13   35   47 
3    0    1   36 
3    2    3   36 
3    4    5   37 
3    6    7   37 
3    8    9   38 
3   10   11   38 
3   12   13   39 
3   14   15   39 
3   16   17   40 
3   18   19   40 
3   20   21   41 
3   22   23   41 
3   24   25   42 
3   26   27   42 
3   28   29   43 
3   30   31   43 
3   32   33   44 
3   34   35   44 
3   36   37   45 
3   38   39   45 
3   40   41   45 
3   42   43   44 
3    2   15   22 
3    6   11   23 
3    0   18   53 
3    3   17   54 
3    0   10   57 
3    7   17   57 
3    8   21   56 
3   14   48   54 
3    4   49   53 
3   13   56   57 
3   19   52   55 
3   50   51   55 
58
3   24   46   47 
3   10   24   52 
3    9   25   53 
3   12   23   25 
3    8   26   49 
3   17   26   54 
3   22   27   51 
3   13   18   27 
3    4   21   28 
3    2   18   28 
3    1   29   50 
3   23   29   48 
3    3   16   30 
3    7   20   30 
3   19   31   49 
3   22   31   46 
3   12   32   55 
3    5   32   46 
3    7    9   33 
3   14   33   48 
3   13   34   50 
3    8   34   47 
3    6   15   35 
3    3   11   35 
3    0    1   36 
3    2    3   36 
3    4    5   37 
3    6    7   37 
3    8    9   38 
3   10   11   38 
3   12   13   39 
3   14   15   39 
3   16   17   40 
3   18   19   40 
3   20   21   41 
3   22   23   41 
3   24   25   42 
3   26   27   42 
3   28   29   43 
3   30   31   43 
3   32   33   44 
3   34   35   44 
3   36   37   45 
3   38   39   45 
3   40   41   45 
3   42   43   44 
3    0   15   17 
3    0   21   56 
3   11   19   56 
3    4   14   52 
3   10   20   54 
3    6   55   57 
3    1   49   55 
3    2   54   57 
3    5   50   53 
3   16   51   52 
3   47   48   57 
3   51   53   56 
58
3    8   20   24 
3   17   24   46 
3   14   22   25 
3   10   25   51 
3   13   16   26 
3    9   26   55 
3   11   18   27 
3   27   47   48 
3    0   19   28 
3    5   22   28 
3    3   16   29 
3    6   21   29 
3   20   30   47 
3    4   30   49 
3    2   31   52 
3   18   31   50 
3    4   10   32 
3    1   32   48 
3    6   15   33 
3    8   33   53 
3    0   12   34 
3   11   34   54 
3    2    9   35 
3   35   46   49 
3    0    1   36 
3    2    3   36 
3    4    5   37 
3    6    7   37 
3    8    9   38 
3   10   11   38 
3   12   13   39 
3   14   15   39 
3   16   17   40 
3   18   19   40 
3   20   21   41 
3   22   23   41 
3   24   25   42 
3   26   27   42 
3   28   29   43 
3   30   31   43 
3   32   33   44 
3   34   35   44 
3   36   37   45 
3   38   39   45 
3   40   41   45 
3   42   43   44 
3    1   23   50 
3    7   12   51 
3    7   17   52 
3   13   23   53 
3   15   46   57 
3    3   47   57 
3   14   48   56 
3   19   49   56 
3   21   55   56 
3    5   54   57 
3   52   53   54 
3   50   51   55 
58
3    8   16   24 
3   21   24   46 
3   18   25   48 
3   12   23   25 
3   17   26   49 
3   10   20   26 
3   14   19   27 
3   22   27   47 
3    0   22   28 
3   28   49   50 
3    5   18   29 
3   29   46   52 
3    3   17   30 
3   30   47   51 
3    6   21   31 
3   31   48   53 
3    0   32   53 
3    4   12   32 
3    2   10   33 
3    6   33   50 
3    5   34   51 
3    1   14   34 
3    7    8   35 
3    3   35   52 
3    0    1   36 
3    2    3   36 
3    4    5   37 
3    6    7   37 
3    8    9   38 
3   10   11   38 
3   12   13   39 
3   14   15   39 
3   16   17   40 
3   18   19   40 
3   20   21   41 
3   22   23   41 
3   24   25   42 
3   26   27   42 
3   28   29   43 
3   30   31   43 
3   32   33   44 
3   34   35   44 
3   36   37   45 
3   38   39   45 
3   40   41   45 
3   42   43   44 
3    1   11   54 
3    7   13   54 
3    2   15   55 
3    4    9   55 
3    9   19   56 
3   13   20   56 
3   11   23   57 
3   15   16   57 
3   46   47   55 
3   48   49   54 
3   50   51   57 
3   52   53   56 
58
3    8   24   54 
3   14   24   46 
3   21   25   56 
3   18   25   47 
3   16   26   48 
3   26   49   50 
3   12   27   51 
3   27   52   53 
3    0   28   51 
3   20   28   49 
3   22   29   46 
3   29   52   56 
3    6   30   47 
3   30   48   55 
3    1   31   53 
3   31   50   57 
3    4   32   46 
3   32   51   57 
3    3   33   49 
3   33   52   55 
3    9   34   53 
3    2   34   48 
3   10   35   47 
3   35   50   54 
3    0    1   36 
3    2    3   36 
3    4    5   37 
3    6    7   37 
3    8    9   38 
3   10   11   38 
3   12   13   39 
3   14   15   39 
3   16   17   40 
3   18   19   40 
3   20   21   41 
3   22   23   41 
3   24   25   42 
3   26   27   42 
3   28   29   43 
3   30   31   43 
3   32   33   44 
3   34   35   44 
3   36   37   45 
3   38   39   45 
3   40   41   45 
3   42   43   44 
3    1   10   16 
3    3   12   22 
3    4   13   21 
3    5    9   18 
3    5   15   23 
3    6    8   17 
3    7   11   19 
3    7   14   20 
3    0   23   55 
3   13   19   54 
3    2   11   57 
3   15   17   56 
58
3   10   24   48 
3   12   24   50 
3    8   25   52 
3   15   19   25 
3   11   26   54 
3   26   46   51 
3   27   47   56 
3   13   27   49 
3    2   28   47 
3   18   28   51 
3    0   16   29 
3    4   22   29 
3    1   30   55 
3    7   30   53 
3   20   31   46 
3    3   31   57 
3   10   32   56 
3   32   46   52 
3    9   33   49 
3    3   33   54 
3   14   34   48 
3   34   47   55 
3   11   35   53 
3   35   50   57 
3    0    1   36 
3    2    3   36 
3    4    5   37 
3    6    7   37 
3    8    9   38 
3   10   11   38 
3   12   13   39 
3   14   15   39 
3   16   17   40 
3   18   19   40 
3   20   21   41 
3   22   23   41 
3   24   25   42 
3   26   27   42 
3   28   29   43 
3   30   31   43 
3   32   33   44 
3   34   35   44 
3   36   37   45 
3   38   39   45 
3   40   41   45 
3   42   43   44 
3    5   14   17 
3    6    8   21 
3    0   20   49 
3    7   18   48 
3    1   23   51 
3    5    9   50 
3    2   17   53 
3   13   22   52 
3    4   19   55 
3   12   21   54 
3    6   16   57 
3   15   23   56 
58
3   24   46   48 
3   12   20   24 
3   25   50   52 
3   14   23   25 
3    9   16   26 
3   13   26   49 
3   11   27   53 
3   15   27   47 
3   28   47   54 
3    4   21   28 
3   29   51   56 
3    6   22   29 
3    1   30   55 
3    5   30   50 
3    3   16   31 
3    7   31   57 
3    4   14   32 
3   32   46   51 
3   33   49   57 
3   33   53   55 
3    1   34   56 
3    9   34   52 
3   11   35   48 
3    3   35   54 
3    0    1   36 
3    2    3   36 
3    4    5   37 
3    6    7   37 
3    8    9   38 
3   10   11   38 
3   12   13   39 
3   14   15   39 
3   16   17   40 
3   18   19   40 
3   20   21   41 
3   22   23   41 
3   24   25   42 
3   26   27   42 
3   28   29   43 
3   30   31   43 
3   32   33   44 
3   34   35   44 
3   36   37   45 
3   38   39   45 
3   40   41   45 
3   42   43   44 
3    0   17   47 
3    7    8   46 
3    0   22   49 
3    5   18   48 
3    2   13   51 
3   10   17   50 
3    2   21   53 
3    6   19   52 
3    8   23   55 
3   12   19   54 
3   10   20   57 
3   15   18   56 
67
4  1 2 3 4
4  0 5 6 7
4  0 8 9 10
4  0 11 12 13
4  0 14 15 16
4  1 17 18 19
4  1 20 21 22
4  1 23 24 25
4  2 26 27 28
4  2 29 30 31
4  2 32 33 34
4  3 35 36 37
4  3 38 39 40
4  3 41 42 43
4  4 44 45 46
4  4 47 48 49
4  4 50 51 52
4  5 33 37 57
4  5 28 41 60
4  5 30 38 48
4  6 31 35 66
4  6 32 42 52
4  6 27 39 54
4  7 29 43 61
4  7 26 36 46
4  7 34 40 63
4  8 24 47 53
4  8 22 43 45
4  8 18 52 56
4  9 23 49 59
4  9 19 51 62
4  9 20 46 57
4  10 21 44 65
4  10 17 50 55
4  10 25 48 64
4  11 20 48 56
4  11 24 51 65
4  11 17 45 59
4  12 19 44 53
4  12 22 49 55
4  12 25 52 57
4  13 18 46 64
4  13 21 47 62
4  13 23 27 50
4  14 32 38 61
4  14 27 37 63
4  14 24 31 41
4  15 26 42 58
4  15 19 34 35
4  15 29 39 65
4  16 33 43 66
4  16 30 36 54
4  16 21 28 40
4  26 38 59 66
4  22 51 58 64
4  33 39 56 62
4  28 35 55 61
4  17 31 40 58
4  47 54 57 61
4  29 37 53 64
4  18 63 65 66
4  23 44 56 58
4  30 42 55 63
4  25 45 60 62
4  34 41 54 59
4  32 36 49 60
4  20 50 53 60
 70
3    1   9  10 
3    0   2  11 
3    1   3  12 
3    2   4  13 
3    3   5  14 
3    4   6  15 
3    5   7  16 
3    6   8  17 
3    7   9  18 
3    8   0  19 
3    0  20  30 
3    1  21  31 
3    2  22  32 
3    3  23  33 
3    4  24  34 
3    5  25  35 
3    6  26  36 
3    7  27  37 
3    8  28  38 
3    9  29  39 
3   10  43  47 
3   11  44  48 
3   12  45  49 
3   13  46  40 
3   14  47  41 
3   15  48  42 
3   16  49  43 
3   17  40  44 
3   18  41  45 
3   19  42  46 
3   10  35  50 
3   11  36  51 
3   12  37  52 
3   13  38  53 
3   14  39  54 
3   15  30  55 
3   16  31  56 
3   17  32  57 
3   18  33  58 
3   19  34  59 
3   50  27  23 
3   51  28  24 
3   52  29  25 
3   53  20  26 
3   54  21  27 
3   55  22  28 
3   56  23  29 
3   57  24  20 
3   58  25  21 
3   59  26  22 
3   30  40  60 
3   31  41  61 
3   32  42  62 
3   33  43  63 
3   34  44  64 
3   35  45  65 
3   36  46  66 
3   37  47  67 
3   38  48  68 
3   39  49  69 
3   50  61  69 
3   51  60  62 
3   52  61  63 
3   53  62  64 
3   54  63  65 
3   55  64  66 
3   56  65  67 
3   57  66  68 
3   58  67  69 
3   59  68  60 
 70
3    5  10  15 
3    8  13  18 
3   11  16   6 
3   14  19   9 
3   17   7  12 
3    0  20  35 
3    2  21  36 
3    4  22  37 
3    1  26  41 
3    3  27  42 
3    0  28  43 
3    2  32  47 
3    4  33  48 
3    1  34  49 
3    3  38  23 
3    0  39  24 
3    2  40  25 
3    4  44  29 
3    1  45  30 
3    3  46  31 
3    5  50  54 
3    6  50  57 
3    7  51  56 
3   14  51  63 
3   15  52  68 
3   16  53  61 
3    8  54  58 
3    9  54  61 
3   10  55  60 
3   17  55  67 
3   18  56  52 
3   19  57  65 
3   11  58  62 
3   12  58  65 
3   13  59  64 
3    5  59  51 
3    6  60  56 
3    7  61  69 
3   14  62  66 
3   15  62  69 
3   16  63  68 
3    8  63  55 
3    9  64  60 
3   10  65  53 
3   17  66  50 
3   18  66  53 
3   19  67  52 
3   11  67  59 
3   12  68  64 
3   13  69  57 
3   20  21  44 
3   22  23  35 
3   24  46  30 
3   25  45  43 
3   26  27  20 
3   28  29  41 
3   30  22  36 
3   31  21  49 
3   32  33  26 
3   34  35  47 
3   36  28  42 
3   37  27  25 
3   38  39  32 
3   40  41  23 
3   42  34  48 
3   43  33  31 
3   44  45  38 
3   46  47  29 
3   48  40  24 
3   49  39  37 
70
3  1  69   9
3  2   0  16
3  3   1  23
3  4   2  30
3  5   3  37
3  6   4  48
3  7   5  19
3  8   6  54
3  9   7  63
3 10   8   0
3 11   9  43
3 12  10  36
3 13  11  21
3 14  12  28
3 15  13  53
3 16  14  46
3 17  15   1
3 18  16  34
3 19  17  41
3 20  18   6
3 21  19  67
3 22  20  12
3 23  21  61
3 24  22   2
3 25  23  55
3 26  24  42
3 27  25  49
3 28  26  64
3 29  27  13
3 30  28  58
3 31  29   3
3 32  30  44
3 33  31  51
3 34  32  62
3 35  33  17
3 36  34  56
3 37  35  11
3 38  36   4
3 39  37  65
3 40  38  52
3 41  39  59
3 42  40  18
3 43  41  25
3 44  42  10
3 45  43  31
3 46  44  66
3 47  45  15
3 48  46  60
3 49  47   5
3 50  48  26
3 51  49  69
3 52  50  32
3 53  51  39
3 54  52  14
3 55  53   7
3 56  54  24
3 57  55  35
3 58  56  68
3 59  57  29
3 60  58  40
3 61  59  47
3 62  60  22
3 63  61  33
3 64  62   8
3 65  63  27
3 66  64  38
3 67  65  45
3 68  66  20
3 69  67  57
3  0  68  50

80
 8    1 5 19 20 38 47 63 68
 8    0 3 23 39 41 46 59 73
 8    6 9 12 32 50 52 59 75
 8    1 7 14 22 51 61 67 75
 8    7 8 15 23 34 49 62 77
 8    0 7 9 16 35 36 54 74
 8    2 10 29 35 47 51 58 78
 8    3 4 5 25 37 44 53 58
 8    4 13 31 38 54 56 61 72
 8    2 5 13 14 39 55 57 62
 8    6 17 25 34 39 68 71 74
 8    17 18 22 26 35 37 72 79
 8    2 17 19 23 27 48 65 67
 8    8 9 20 28 53 65 73 79
 8    3 9 17 21 29 38 66 77
 8    4 20 21 22 30 39 50 64
 8    5 21 23 31 51 52 69 79
 8    10 11 12 14 46 49 56 64
 8    11 24 43 44 50 62 65 71
 8    0 12 24 25 45 51 66 72
 8    0 13 15 29 40 43 52 67
 8    14 15 16 41 53 60 68 72
 8    3 11 15 28 47 54 69 70
 8    1 4 12 16 28 29 55 71
 8    18 19 32 40 54 64 77 78
 8    7 10 19 33 41 50 55 79
 8    11 32 33 34 38 42 51 53
 8    12 33 35 39 43 63 76 77
 8    13 22 23 32 36 44 68 76
 8    6 14 20 23 33 37 45 54
 8    15 36 37 38 46 55 65 75
 8    8 16 32 37 39 47 66 67
 8    2 24 26 28 31 41 63 74
 8    25 26 27 29 62 64 70 75
 8    4 10 26 40 59 60 65 76
 8    5 6 11 27 40 41 61 66
 8    5 28 30 45 56 59 67 77
 8    7 11 29 30 31 57 68 73
 8    0 8 14 26 30 44 69 78
 8    1 9 10 15 27 31 44 45
 8    20 24 34 35 48 56 69 75
 8    1 21 25 32 35 49 57 65
 8    26 48 49 50 54 58 66 68
 8    18 20 27 49 51 55 59 74
 8    7 18 28 38 39 48 52 60
 8    19 29 36 39 49 53 61 69
 8    1 17 30 52 53 54 62 76
 8    0 6 22 31 48 53 55 77
 8    12 40 42 44 47 57 74 79
 8    4 17 41 42 43 45 75 78
 8    2 15 18 25 42 56 73 76
 8    3 6 16 19 26 43 56 57
 8    2 16 20 44 46 61 70 77
 8    7 13 21 26 45 46 47 71
 8    5 8 22 24 29 42 46 60
 8    9 23 25 30 43 47 60 61
 8    8 17 36 40 50 51 63 70
 8    9 37 41 48 51 64 71 76
 8    6 7 42 63 64 65 69 72
 8    1 2 34 36 43 64 66 79
 8    21 34 44 54 55 63 67 73
 8    3 8 35 45 52 55 64 68
 8    4 9 18 33 46 67 68 69
 8    0 27 32 56 58 60 71 79
 8    15 17 24 33 57 58 59 61
 8    12 13 18 30 34 41 58 70
 8    14 19 31 35 42 59 70 71
 8    3 12 20 31 36 60 62 78
 8    0 10 21 28 37 42 61 62
 8    16 22 38 40 45 58 62 73
 8    22 33 52 56 65 66 74 78
 8    10 18 23 53 57 63 66 75
 8    8 11 19 21 58 74 75 76
 8    1 13 37 50 60 69 74 77
 8    5 10 32 43 48 70 72 73
 8    2 3 30 33 40 49 71 72
 8    27 28 34 46 50 57 72 78
 8    4 14 24 27 36 47 52 73
 8    6 24 38 49 67 70 76 79
 8    11 13 16 25 48 59 63 78
80

4    40 41 42 43
4    44 45 46 47
4    48 49 50 51
4    52 53 54 55
4    40 44 48 52
4    40 56 57 58
4    40 59 60 61
4    44 62 63 64
4    48 65 66 67
4    52 68 69 70
4    44 71 72 73
4    52 74 75 76
4    48 77 78 79
4    41 45 49 53
4    41 62 65 68
4    41 71 74 77
4    45 59 69 78
4    49 60 63 75
4    53 61 66 72
4    45 56 67 76
4    53 57 64 79
4    49 58 70 73
4    42 46 50 54
4    42 64 67 70
4    42 72 75 78
4    46 60 68 79
4    50 61 62 76
4    54 59 65 73
4    46 58 66 74
4    54 56 63 77
4    50 57 69 71
4    43 47 51 55
4    43 63 66 69
4    43 73 76 79
4    47 61 70 77
4    51 59 64 74
4    55 60 67 71
4    47 57 65 75
4    55 58 62 78
4    51 56 68 72
4    0 4 5 6
4    0 13 14 15
4    0 22 23 24
4    0 31 32 33
4    1 4 7 10
4    1 13 16 19
4    1 22 25 28
4    1 31 34 37
4    2 4 8 12
4    2 13 17 21
4    2 22 26 30
4    2 31 35 39
4    3 4 9 11
4    3 13 18 20
4    3 22 27 29
4    3 31 36 38
4    5 19 29 39
4    5 20 30 37
4    5 21 28 38
4    6 16 27 35
4    6 17 25 36
4    6 18 26 34
4    7 14 26 38
4    7 17 29 32
4    7 20 23 35
4    8 14 27 37
4    8 18 28 32
4    8 19 23 36
4    9 14 25 39
4    9 16 30 32
4    9 21 23 34
4    10 15 30 36
4    10 18 24 39
4    10 21 27 33
4    11 15 28 35
4    11 17 24 37
4    11 19 26 33
4    12 15 29 34
4    12 16 24 38
4    12 20 25 33
80
3   1  79   9
3   2   0  72
3   3   1  23
3   4   2  38
3   5   3  29
3   6   4  44
3   7   5  51
3   8   6  66
3   9   7  17
3  10   8   0
3  11   9  47
3  12  10  62
3  13  11  53
3  14  12  68
3  15  13  43
3  16  14  58
3  17  15  25
3  18  16   8
3  19  17  39
3  20  18  54
3  21  19  45
3  22  20  60
3  23  21  67
3  24  22   2
3  25  23  33
3  26  24  16
3  27  25  63
3  28  26  78
3  29  27  69
3  30  28   4
3  31  29  59
3  32  30  74
3  33  31  41
3  34  32  24
3  35  33  55
3  36  34  70
3  37  35  61
3  38  36  76
3  39  37   3
3  40  38  18
3  41  39  49
3  42  40  32
3  43  41  79
3  44  42  14
3  45  43   5
3  46  44  20
3  47  45  75
3  48  46  10
3  49  47  57
3  50  48  40
3  51  49  71
3  52  50   6
3  53  51  77
3  54  52  12
3  55  53  19
3  56  54  34
3  57  55  65
3  58  56  48
3  59  57  15
3  60  58  30
3  61  59  21
3  62  60  36
3  63  61  11
3  64  62  26
3  65  63  73
3  66  64  56
3  67  65   7
3  68  66  22
3  69  67  13
3  70  68  28
3  71  69  35
3  72  70  50
3  73  71   1
3  74  72  64
3  75  73  31
3  76  74  46
3  77  75  37
3  78  76  52
3  79  77  27
3   0  78  42
112
3    4   8  16 
3    5  10  18 
3    6  12  20 
3    7  14  22 
3    0   9  17 
3    1  11  19 
3    2  13  21 
3    3  15  23 
3    0  24  25 
3    4  26  27 
3    1  28  29 
3    5  30  31 
3    2  32  33 
3    6  34  35 
3    3  36  37 
3    7  38  39 
3    0  40  41 
3    4  42  43 
3    1  44  45 
3    5  46  47 
3    2  48  49 
3    6  50  51 
3    3  52  53 
3    7  54  55 
3    8  56  85 
3    8  62  82 
3    9  59  87 
3    9  65  76 
3   10  60  57 
3   10  66  86 
3   11  63  59 
3   11  69  80 
3   12  64  61 
3   12  70  58 
3   13  67  63 
3   13  73  84 
3   14  68  65 
3   14  74  62 
3   15  71  67 
3   15  77  56 
3   16  72  69 
3   16  78  66 
3   17  75  71 
3   17  81  60 
3   18  76  73 
3   18  82  70 
3   19  79  75 
3   19  85  64 
3   20  80  77 
3   20  86  74 
3   21  83  79 
3   21  57  68 
3   22  84  81 
3   22  58  78 
3   23  87  83 
3   23  61  72 
3   88  24  39 
3   88  51  28 
3   89  53  33 
3   89  26  30 
3   90  28  43 
3   90  55  32 
3   91  25  37 
3   91  30  34 
3   92  32  47 
3   92  27  36 
3   93  29  41 
3   93  34  38 
3   94  36  51 
3   94  31  40 
3   95  33  45 
3   95  38  42 
3   96  40  55 
3   96  35  44 
3   97  37  49 
3   97  42  46 
3   98  44  27 
3   98  39  48 
3   99  41  53 
3   99  46  50 
3  100  48  31 
3  100  43  52 
3  101  45  25 
3  101  50  54 
3  102  52  35 
3  102  47  24 
3  103  49  29 
3  103  54  26 
3   56  57 104 
3   58  59 104 
3   60  61 105 
3   62  63 105 
3   64  65 106 
3   66  67 106 
3   68  69 107 
3   70  71 107 
3   72  73 108 
3   74  75 108 
3   76  77 109 
3   78  79 109 
3   80  81 110 
3   82  83 110 
3   84  85 111 
3   86  87 111 
3   88  89 108 
3   90  91 109 
3   92  93 110 
3   94  95 111 
3   96  97 104 
3   98  99 105 
3  100 101 106 
3  102 103 107 
126
  3     1 125  11
  3     2   0  20
  3     3   1 109
  3     4   2  44
  3     5   3  53
  3     6   4  32
  3     7   5  79
  3     8   6  60
  3     9   7  93
  3    10   8  48
  3    11   9  67
  3    12  10   0
  3    13  11  99
  3    14  12  82
  3    15  13 113
  3    16  14  52
  3    17  15 105
  3    18  16  94
  3    19  17  29
  3    20  18  38
  3    21  19   1
  3    22  20  62
  3    23  21  71
  3    24  22  50
  3    25  23  97
  3    26  24  78
  3    27  25 111
  3    28  26  66
  3    29  27  85
  3    30  28  18
  3    31  29 117
  3    32  30 100
  3    33  31   5
  3    34  32  70
  3    35  33 123
  3    36  34 112
  3    37  35  47
  3    38  36  56
  3    39  37  19
  3    40  38  80
  3    41  39  89
  3    42  40  68
  3    43  41 115
  3    44  42  96
  3    45  43   3
  3    46  44  84
  3    47  45 103
  3    48  46  36
  3    49  47   9
  3    50  48 118
  3    51  49  23
  3    52  50  88
  3    53  51  15
  3    54  52   4
  3    55  53  65
  3    56  54  74
  3    57  55  37
  3    58  56  98
  3    59  57 107
  3    60  58  86
  3    61  59   7
  3    62  60 114
  3    63  61  21
  3    64  62 102
  3    65  63 121
  3    66  64  54
  3    67  65  27
  3    68  66  10
  3    69  67  41
  3    70  68 106
  3    71  69  33
  3    72  70  22
  3    73  71  83
  3    74  72  92
  3    75  73  55
  3    76  74 116
  3    77  75 125
  3    78  76 104
  3    79  77  25
  3    80  78   6
  3    81  79  39
  3    82  80 120
  3    83  81  13
  3    84  82  72
  3    85  83  45
  3    86  84  28
  3    87  85  59
  3    88  86 124
  3    89  87  51
  3    90  88  40
  3    91  89 101
  3    92  90 110
  3    93  91  73
  3    94  92   8
  3    95  93  17
  3    96  94 122
  3    97  95  43
  3    98  96  24
  3    99  97  57
  3   100  98  12
  3   101  99  31
  3   102 100  90
  3   103 101  63
  3   104 102  46
  3   105 103  77
  3   106 104  16
  3   107 105  69
  3   108 106  58
  3   109 107 119
  3   110 108   2
  3   111 109  91
  3   112 110  26
  3   113 111  35
  3   114 112  14
  3   115 113  61
  3   116 114  42
  3   117 115  75
  3   118 116  30
  3   119 117  49
  3   120 118 108
  3   121 119  81
  3   122 120  64
  3   123 121  95
  3   124 122  34
  3   125 123  87
  3     0 124  76

152
5  1 88 92 120 132
5  0 87 114 128 135
5  19 85 107 130 132
5  17 86 109 120 134
5  16 85 100 123 138
5  15 86 106 125 139
5  14 84 101 131 140
5  23 85 105 126 136
5  13 87 98 127 141
5  20 87 96 124 143
5  22 86 112 129 137
5  21 84 103 121 133
5  18 84 111 122 142
5  8 89 104 121 134
5  6 90 113 128 138
5  5 88 110 126 143
5  4 88 102 127 137
5  3 91 97 131 136
5  12 89 115 125 135
5  2 91 99 129 142
5  9 90 108 130 133
5  11 91 95 123 139
5  10 89 93 124 140
5  7 90 94 122 141
5  44 92 111 119 136
5  47 112 113 118 132
5  42 97 98 116 138
5  36 104 105 116 139
5  43 106 108 117 142
5  46 103 110 117 141
5  40 107 115 119 143
5  45 99 114 119 140
5  39 101 102 118 134
5  41 94 109 116 135
5  37 95 96 117 137
5  38 93 100 118 133
5  27 81 92 101 129
5  34 83 105 115 120
5  35 81 97 114 122
5  32 80 96 99 125
5  30 81 109 113 127
5  33 82 102 103 124
5  26 83 110 111 130
5  28 82 100 104 131
5  24 80 108 112 123
5  31 83 94 106 121
5  29 80 93 107 128
5  25 82 95 98 126
5  80 81 82 83 144
5  132 139 140 141 144
5  134 138 142 143 144
5  133 135 136 137 144
5  120 122 123 124 145
5  125 127 130 131 145
5  121 126 128 129 145
5  116 117 118 119 145
5  92 103 125 138 151
5  96 97 121 132 148
5  101 110 123 135 148
5  106 113 124 136 149
5  100 115 129 141 149
5  98 99 120 133 150
5  104 107 122 137 151
5  108 109 126 140 151
5  102 111 128 139 150
5  93 105 127 142 148
5  95 114 130 134 149
5  94 112 131 143 150
5  92 93 94 95 146
5  98 101 106 107 147
5  103 105 112 114 147
5  96 100 109 111 147
5  97 102 108 115 146
5  99 104 110 113 146
5  88 89 90 91 147
5  84 85 86 87 146
5  82 86 90 119 148
5  80 84 88 116 149
5  83 87 91 118 151
5  81 85 89 117 150
5  39 44 46 48 77
5  36 38 40 48 79
5  41 43 47 48 76
5  37 42 45 48 78
5  6 11 12 75 77
5  2 4 7 75 79
5  3 5 10 75 76
5  1 8 9 75 78
5  0 15 16 74 77
5  13 18 22 74 79
5  14 20 23 74 76
5  17 19 21 74 78
5  0 24 36 56 68
5  22 35 46 65 68
5  23 33 45 67 68
5  21 34 47 66 68
5  9 34 39 57 71
5  17 26 38 57 72
5  8 26 47 61 69
5  19 31 39 61 73
5  4 35 43 60 71
5  6 32 36 58 69
5  16 32 41 64 72
5  11 29 41 56 70
5  13 27 43 62 73
5  7 27 37 65 70
5  5 28 45 59 69
5  2 30 46 62 69
5  20 28 44 63 72
5  3 33 40 63 71
5  15 29 42 58 73
5  12 24 42 64 71
5  10 25 44 67 70
5  14 25 40 59 73
5  1 31 38 66 70
5  18 30 37 60 72
5  26 27 33 55 77
5  28 29 34 55 79
5  25 32 35 55 78
5  24 30 31 55 76
5  0 3 37 52 61
5  11 13 45 54 57
5  12 23 38 52 62
5  4 21 44 52 58
5  9 22 41 52 59
5  5 18 39 53 56
5  7 15 47 54 63
5  8 16 40 53 65
5  1 14 46 54 64
5  10 19 36 54 60
5  2 20 42 53 66
5  6 17 43 53 67
5  0 2 25 49 57
5  11 20 35 51 61
5  3 13 32 50 66
5  1 18 33 51 58
5  7 17 24 51 59
5  10 16 34 51 62
5  4 14 26 50 56
5  5 21 27 49 64
5  6 22 31 49 63
5  8 23 29 49 60
5  12 19 28 50 65
5  9 15 30 50 67
5  48 49 50 51 145
5  52 53 54 55 144
5  68 72 73 75 147
5  69 70 71 74 146
5  57 58 65 76 149
5  59 60 66 77 148
5  61 64 67 79 151
5  56 62 63 78 150

152
5  12 92 104 116 132
5  15 95 109 117 143
5  22 93 110 117 137
5  23 99 115 117 138
5  19 101 105 119 135
5  18 103 107 119 139
5  13 97 113 119 142
5  14 94 106 118 141
5  20 98 112 118 134
5  17 102 111 116 136
5  16 100 108 118 133
5  21 96 114 116 140
5  0 87 100 124 143
5  6 84 94 126 132
5  7 87 99 120 140
5  1 86 98 123 142
5  10 86 101 130 138
5  9 84 103 121 133
5  5 86 93 127 141
5  4 85 92 122 137
5  8 84 96 131 135
5  11 85 95 125 139
5  2 87 102 128 134
5  3 85 97 129 136
5  44 91 108 129 132
5  43 88 107 120 136
5  39 89 104 123 135
5  46 90 112 122 143
5  40 91 115 121 141
5  38 88 106 125 142
5  45 90 110 131 139
5  42 89 113 124 138
5  47 88 114 127 134
5  41 89 109 126 140
5  36 91 111 130 137
5  37 90 105 128 133
5  34 82 95 113 120
5  35 83 94 114 123
5  29 81 101 110 121
5  26 82 103 106 129
5  28 80 98 105 124
5  33 80 102 108 122
5  31 83 93 112 125
5  25 83 92 109 131
5  24 81 96 107 128
5  30 80 97 104 130
5  27 81 99 111 127
5  32 82 100 115 126
5  80 81 82 83 144
5  132 134 138 139 144
5  135 136 141 143 144
5  133 137 140 142 144
5  120 121 122 123 145
5  124 127 129 131 145
5  125 126 128 130 145
5  116 117 118 119 145
5  93 105 120 132 148
5  103 114 130 143 148
5  102 115 131 142 148
5  100 111 123 139 149
5  101 112 129 140 149
5  92 113 128 141 149
5  96 106 122 138 151
5  98 110 126 136 151
5  95 104 127 133 151
5  94 107 124 137 150
5  97 109 121 134 150
5  99 108 125 135 150
5  94 95 101 102 147
5  92 98 99 103 147
5  93 96 97 100 147
5  88 89 90 91 147
5  105 106 109 111 146
5  108 110 113 114 146
5  104 107 112 115 146
5  84 85 86 87 146
5  81 85 89 118 148
5  80 84 88 117 149
5  83 87 91 119 151
5  82 86 90 116 150
5  40 41 45 48 77
5  38 44 46 48 76
5  36 39 47 48 79
5  37 42 43 48 78
5  13 17 20 75 77
5  19 21 23 75 76
5  15 16 18 75 79
5  12 14 22 75 78
5  25 29 32 71 77
5  26 31 33 71 76
5  27 30 35 71 79
5  24 28 34 71 78
5  0 19 43 61 69
5  2 18 42 56 70
5  7 13 37 65 68
5  1 21 36 64 68
5  11 20 44 62 70
5  6 23 45 66 70
5  8 15 40 63 69
5  3 14 46 67 69
5  10 12 47 59 70
5  4 16 38 60 68
5  9 22 41 58 68
5  5 17 39 57 69
5  0 26 45 64 74
5  4 35 40 56 72
5  7 29 39 62 72
5  5 25 44 65 74
5  10 24 41 67 73
5  1 33 43 66 72
5  2 30 38 63 73
5  9 34 46 59 72
5  8 27 42 60 74
5  6 31 36 61 73
5  11 32 37 57 73
5  3 28 47 58 74
5  0 9 11 55 79
5  1 2 3 55 77
5  7 8 10 55 76
5  4 5 6 55 78
5  14 25 36 52 56
5  17 28 38 52 66
5  19 27 41 52 62
5  15 26 37 52 59
5  12 31 40 53 65
5  21 29 42 54 67
5  13 33 47 54 63
5  18 32 46 53 64
5  22 35 44 54 61
5  23 24 39 53 60
5  16 34 45 54 57
5  20 30 43 53 58
5  0 13 24 49 56
5  10 17 35 51 64
5  8 22 32 49 66
5  4 20 26 50 67
5  9 23 25 50 63
5  2 19 34 51 65
5  3 16 31 49 62
5  5 21 30 49 59
5  11 14 33 51 60
5  7 18 28 50 61
5  6 15 29 51 58
5  1 12 27 50 57
5  48 49 50 51 145
5  52 53 54 55 144
5  72 73 74 75 147
5  68 69 70 71 146
5  56 57 58 76 149
5  59 60 61 77 148
5  65 66 67 79 151
5  62 63 64 78 150
272
3      1 271  45
3      2   0  60
3      3   1 155
3      4   2 186
3      5   3 105
3      6   4 168
3      7   5 206
3      8   6  79
3      9   7 117
3     10   8 180
3     11   9  99
3     12  10 130
3     13  11 225
3     14  12 240
3     15  13  86
3     16  14 215
3     17  15  61
3     18  16  76
3     19  17 171
3     20  18 202
3     21  19 121
3     22  20 184
3     23  21 222
3     24  22  95
3     25  23 133
3     26  24 196
3     27  25 115
3     28  26 146
3     29  27 241
3     30  28 256
3     31  29 102
3     32  30 231
3     33  31  77
3     34  32  92
3     35  33 187
3     36  34 218
3     37  35 137
3     38  36 200
3     39  37 238
3     40  38 111
3     41  39 149
3     42  40 212
3     43  41 131
3     44  42 162
3     45  43 257
3     46  44   0
3     47  45 118
3     48  46 247
3     49  47  93
3     50  48 108
3     51  49 203
3     52  50 234
3     53  51 153
3     54  52 216
3     55  53 254
3     56  54 127
3     57  55 165
3     58  56 228
3     59  57 147
3     60  58 178
3     61  59   1
3     62  60  16
3     63  61 134
3     64  62 263
3     65  63 109
3     66  64 124
3     67  65 219
3     68  66 250
3     69  67 169
3     70  68 232
3     71  69 270
3     72  70 143
3     73  71 181
3     74  72 244
3     75  73 163
3     76  74 194
3     77  75  17
3     78  76  32
3     79  77 150
3     80  78   7
3     81  79 125
3     82  80 140
3     83  81 235
3     84  82 266
3     85  83 185
3     86  84 248
3     87  85  14
3     88  86 159
3     89  87 197
3     90  88 260
3     91  89 179
3     92  90 210
3     93  91  33
3     94  92  48
3     95  93 166
3     96  94  23
3     97  95 141
3     98  96 156
3     99  97 251
3    100  98  10
3    101  99 201
3    102 100 264
3    103 101  30
3    104 102 175
3    105 103 213
3    106 104   4
3    107 105 195
3    108 106 226
3    109 107  49
3    110 108  64
3    111 109 182
3    112 110  39
3    113 111 157
3    114 112 172
3    115 113 267
3    116 114  26
3    117 115 217
3    118 116   8
3    119 117  46
3    120 118 191
3    121 119 229
3    122 120  20
3    123 121 211
3    124 122 242
3    125 123  65
3    126 124  80
3    127 125 198
3    128 126  55
3    129 127 173
3    130 128 188
3    131 129  11
3    132 130  42
3    133 131 233
3    134 132  24
3    135 133  62
3    136 134 207
3    137 135 245
3    138 136  36
3    139 137 227
3    140 138 258
3    141 139  81
3    142 140  96
3    143 141 214
3    144 142  71
3    145 143 189
3    146 144 204
3    147 145  27
3    148 146  58
3    149 147 249
3    150 148  40
3    151 149  78
3    152 150 223
3    153 151 261
3    154 152  52
3    155 153 243
3    156 154   2
3    157 155  97
3    158 156 112
3    159 157 230
3    160 158  87
3    161 159 205
3    162 160 220
3    163 161  43
3    164 162  74
3    165 163 265
3    166 164  56
3    167 165  94
3    168 166 239
3    169 167   5
3    170 168  68
3    171 169 259
3    172 170  18
3    173 171 113
3    174 172 128
3    175 173 246
3    176 174 103
3    177 175 221
3    178 176 236
3    179 177  59
3    180 178  90
3    181 179   9
3    182 180  72
3    183 181 110
3    184 182 255
3    185 183  21
3    186 184  84
3    187 185   3
3    188 186  34
3    189 187 129
3    190 188 144
3    191 189 262
3    192 190 119
3    193 191 237
3    194 192 252
3    195 193  75
3    196 194 106
3    197 195  25
3    198 196  88
3    199 197 126
3    200 198 271
3    201 199  37
3    202 200 100
3    203 201  19
3    204 202  50
3    205 203 145
3    206 204 160
3    207 205   6
3    208 206 135
3    209 207 253
3    210 208 268
3    211 209  91
3    212 210 122
3    213 211  41
3    214 212 104
3    215 213 142
3    216 214  15
3    217 215  53
3    218 216 116
3    219 217  35
3    220 218  66
3    221 219 161
3    222 220 176
3    223 221  22
3    224 222 151
3    225 223 269
3    226 224  12
3    227 225 107
3    228 226 138
3    229 227  57
3    230 228 120
3    231 229 158
3    232 230  31
3    233 231  69
3    234 232 132
3    235 233  51
3    236 234  82
3    237 235 177
3    238 236 192
3    239 237  38
3    240 238 167
3    241 239  13
3    242 240  28
3    243 241 123
3    244 242 154
3    245 243  73
3    246 244 136
3    247 245 174
3    248 246  47
3    249 247  85
3    250 248 148
3    251 249  67
3    252 250  98
3    253 251 193
3    254 252 208
3    255 253  54
3    256 254 183
3    257 255  29
3    258 256  44
3    259 257 139
3    260 258 170
3    261 259  89
3    262 260 152
3    263 261 190
3    264 262  63
3    265 263 101
3    266 264 164
3    267 265  83
3    268 266 114
3    269 267 209
3    270 268 224
3    271 269  70
3      0 270 199
384
3   24  48  49 
3   25  50  51 
3   26  52  53 
3   27  54  55 
3   28  56  57 
3   29  58  59 
3   30  60  61 
3   31  62  63 
3   32  64  65 
3   33  66  67 
3   34  68  69 
3   35  70  71 
3   36  72  73 
3   37  74  75 
3   38  76  77 
3   39  78  79 
3   40  80  81 
3   41  82  83 
3   42  84  85 
3   43  86  87 
3   44  88  89 
3   45  90  91 
3   46  92  93 
3   47  94  95 
3    0  96  97 
3    1  98  99 
3    2 100 101 
3    3 102 103 
3    4 104 105 
3    5 106 107 
3    6 108 109 
3    7 110 111 
3    8 112 113 
3    9 114 115 
3   10 116 117 
3   11 118 119 
3   12 120 121 
3   13 122 123 
3   14 124 125 
3   15 126 127 
3   16 128 129 
3   17 130 131 
3   18 132 133 
3   19 134 135 
3   20 136 137 
3   21 138 139 
3   22 140 141 
3   23 142 143 
3    0 144  98 
3    0 145 131 
3    1 146 100 
3    1 147 133 
3    2 148 102 
3    2 149 135 
3    3 150 104 
3    3 151 137 
3    4 152 106 
3    4 153 139 
3    5 154 108 
3    5 155 141 
3    6 156 110 
3    6 157 143 
3    7 158 112 
3    7 159  97 
3    8 160 114 
3    8 161  99 
3    9 162 116 
3    9 163 101 
3   10 164 118 
3   10 165 103 
3   11 166 120 
3   11 167 105 
3   12 168 122 
3   12 169 107 
3   13 170 124 
3   13 171 109 
3   14 172 126 
3   14 173 111 
3   15 174 128 
3   15 175 113 
3   16 176 130 
3   16 177 115 
3   17 178 132 
3   17 179 117 
3   18 180 134 
3   18 181 119 
3   19 182 136 
3   19 183 121 
3   20 184 138 
3   20 185 123 
3   21 186 140 
3   21 187 125 
3   22 188 142 
3   22 189 127 
3   23 190  96 
3   23 191 129 
3  240  24  94 
3  241  24  63 
3  242  25  48 
3  243  25  65 
3  244  26  50 
3  245  26  67 
3  246  27  52 
3  247  27  69 
3  248  28  54 
3  249  28  71 
3  250  29  56 
3  251  29  73 
3  252  30  58 
3  253  30  75 
3  254  31  60 
3  255  31  77 
3  256  32  62 
3  257  32  79 
3  258  33  64 
3  259  33  81 
3  260  34  66 
3  261  34  83 
3  262  35  68 
3  263  35  85 
3  264  36  70 
3  265  36  87 
3  266  37  72 
3  267  37  89 
3  268  38  74 
3  269  38  91 
3  270  39  76 
3  271  39  93 
3  272  40  78 
3  273  40  95 
3  274  41  80 
3  275  41  49 
3  276  42  82 
3  277  42  51 
3  278  43  84 
3  279  43  53 
3  280  44  86 
3  281  44  55 
3  282  45  88 
3  283  45  57 
3  284  46  90 
3  285  46  59 
3  286  47  92 
3  287  47  61 
3   48 192 203 
3   49 193 218 
3   50 194 205 
3   51 195 220 
3   52 196 207 
3   53 197 222 
3   54 198 209 
3   55 199 224 
3   56 200 211 
3   57 201 226 
3   58 202 213 
3   59 203 228 
3   60 204 215 
3   61 205 230 
3   62 206 217 
3   63 207 232 
3   64 208 219 
3   65 209 234 
3   66 210 221 
3   67 211 236 
3   68 212 223 
3   69 213 238 
3   70 214 225 
3   71 215 192 
3   72 216 227 
3   73 217 194 
3   74 218 229 
3   75 219 196 
3   76 220 231 
3   77 221 198 
3   78 222 233 
3   79 223 200 
3   80 224 235 
3   81 225 202 
3   82 226 237 
3   83 227 204 
3   84 228 239 
3   85 229 206 
3   86 230 193 
3   87 231 208 
3   88 232 195 
3   89 233 210 
3   90 234 197 
3   91 235 212 
3   92 236 199 
3   93 237 214 
3   94 238 201 
3   95 239 216 
3  144 288 167 
3  145 289 182 
3  146 290 169 
3  147 291 184 
3  148 292 171 
3  149 293 186 
3  150 294 173 
3  151 295 188 
3  152 296 175 
3  153 297 190 
3  154 298 177 
3  155 299 144 
3  156 300 179 
3  157 301 146 
3  158 302 181 
3  159 303 148 
3  160 304 183 
3  161 305 150 
3  162 306 185 
3  163 307 152 
3  164 308 187 
3  165 309 154 
3  166 310 189 
3  167 311 156 
3  168 312 191 
3  169 313 158 
3  170 314 145 
3  171 315 160 
3  172 316 147 
3  173 317 162 
3  174 318 149 
3  175 319 164 
3  176 320 151 
3  177 321 166 
3  178 322 153 
3  179 323 168 
3  180 324 155 
3  181 325 170 
3  182 326 157 
3  183 327 172 
3  184 328 159 
3  185 329 174 
3  186 330 161 
3  187 331 176 
3  188 332 163 
3  189 333 178 
3  190 334 165 
3  191 335 180 
3   96 293 337 
3   97 308 341 
3   98 295 338 
3   99 310 342 
3  100 297 339 
3  101 312 343 
3  102 299 340 
3  103 314 344 
3  104 301 341 
3  105 316 345 
3  106 303 342 
3  107 318 346 
3  108 305 343 
3  109 320 347 
3  110 307 344 
3  111 322 348 
3  112 309 345 
3  113 324 349 
3  114 311 346 
3  115 326 350 
3  116 313 347 
3  117 328 351 
3  118 315 348 
3  119 330 352 
3  120 317 349 
3  121 332 353 
3  122 319 350 
3  123 334 354 
3  124 321 351 
3  125 288 355 
3  126 323 352 
3  127 290 356 
3  128 325 353 
3  129 292 357 
3  130 327 354 
3  131 294 358 
3  132 329 355 
3  133 296 359 
3  134 331 356 
3  135 298 336 
3  136 333 357 
3  137 300 337 
3  138 335 358 
3  139 302 338 
3  140 289 359 
3  141 304 339 
3  142 291 336 
3  143 306 340 
3  192 269 360 
3  193 284 372 
3  194 271 361 
3  195 286 373 
3  196 273 362 
3  197 240 374 
3  198 275 363 
3  199 242 375 
3  200 277 364 
3  201 244 376 
3  202 279 365 
3  203 246 377 
3  204 281 366 
3  205 248 378 
3  206 283 367 
3  207 250 379 
3  208 285 368 
3  209 252 380 
3  210 287 369 
3  211 254 381 
3  212 241 370 
3  213 256 382 
3  214 243 371 
3  215 258 383 
3  216 245 372 
3  217 260 360 
3  218 247 373 
3  219 262 361 
3  220 249 374 
3  221 264 362 
3  222 251 375 
3  223 266 363 
3  224 253 376 
3  225 268 364 
3  226 255 377 
3  227 270 365 
3  228 257 378 
3  229 272 366 
3  230 259 379 
3  231 274 367 
3  232 261 380 
3  233 276 368 
3  234 263 381 
3  235 278 369 
3  236 265 382 
3  237 280 370 
3  238 267 383 
3  239 282 371 
3  360 286 279 
3  361 240 281 
3  362 242 283 
3  363 244 285 
3  364 246 287 
3  365 248 241 
3  366 250 243 
3  367 252 245 
3  368 254 247 
3  369 256 249 
3  370 258 251 
3  371 260 253 
3  372 262 255 
3  373 264 257 
3  374 266 259 
3  375 268 261 
3  376 270 263 
3  377 272 265 
3  378 274 267 
3  379 276 269 
3  380 278 271 
3  381 280 273 
3  382 282 275 
3  383 284 277 
3  336 288 313 
3  337 290 315 
3  338 292 317 
3  339 294 319 
3  340 296 321 
3  341 298 323 
3  342 300 325 
3  343 302 327 
3  344 304 329 
3  345 306 331 
3  346 308 333 
3  347 310 335 
3  348 312 289 
3  349 314 291 
3  350 316 293 
3  351 318 295 
3  352 320 297 
3  353 322 299 
3  354 324 301 
3  355 326 303 
3  356 328 305 
3  357 330 307 
3  358 332 309 
3  359 334 311 
