  6 4  1  2  3  4 4  0  4  5  2 4  0  1  5  3 4  0  2  5  4 4  0  3  5  1 4  1  4  3  2 
 14 4  1  2  3  4 4  0  4  5  2 4  0  1  6  7 4  0  7  8  9 4  0  9 10  1 4  1 10 11  6 4  2  5 12  7 4  2  6 12  3 4  3 12 11 13 4  3 13 10  4 4  4  9 13  5 4  5 13  8 12 4  6 11  8  7 4  8 11 10  9 
 30 4  1  2  3  4 4  0  4  5  2 4  0  1  6  7 4  0  7  8  9 4  0  9 10  1 4  1 10 11  6 4  2  5 12 13 4  2 13 14  3 4  3 14 15 16 4  3 17 18  4 4  4 18 19  5 4  5 19 20 21 4  6 21 22 23 4  6 23 14  7 4  7 13 23  8 4  8 23 22 24 4  8 24 25 17 4  9 16 26 27 4  9 27 19 10 4 10 18 27 11 4 11 27 26 28 4 11 28 29 12 4 12 29 24 15 4 12 15 14 13 4 15 22 29 16 4 16 29 28 26 4 17 25 28 20 4 17 20 19 18 4 20 26 25 21 4 21 25 24 22 
 30 4  1  2  3  4 4  0  4  5  2 4  0  1  6  7 4  0  7  8  9 4  0  9 10  1 4  1 10 11 12 4  2 12 13  7 4  2  6 13  3 4  3 13 14 15 4  3 15 16  4 4  4 16 11  5 4  5 10 17 18 4  5 18 19  6 4  6 19  8  7 4  8 19 20 21 4  8 21 22  9 4  9 22 23 10 4 11 23 24 25 4 11 25 26 12 4 12 26 14 13 4 14 27 24 28 4 14 29 22 15 4 15 21 29 16 4 16 29 28 17 4 17 28 20 27 4 17 27 26 18 4 18 25 27 19 4 20 26 25 24 4 20 24 23 29 4 21 28 23 22 
 30 4  1  2  3  4 4  0  4  5  2 4  0  1  6  7 4  0  7  8  9 4  0  9 10  1 4  1 10 11 12 4  2 12 13  7 4  2  6 13  3 4  3 13 14 15 4  3 16 17  4 4  4 17 11  5 4  5 10 18 19 4  5 19 20  6 4  6 14  8  7 4  8 13 20 21 4  8 21 22 16 4  9 15 23 17 4  9 16 23 10 4 11 23 24 25 4 11 25 26 12 4 12 27 21 14 4 14 20 27 15 4 15 28 24 23 4 16 22 18 17 4 18 22 28 29 4 18 29 26 19 4 19 25 29 27 4 20 26 28 21 4 22 27 29 24 4 24 28 26 25 
 30 4  1  2  3  4 4  0  4  5  2 4  0  1  6  7 4  0  7  8  9 4  0  9 10  1 4  1 10 11 12 4  2 12 13  7 4  2  6 13  3 4  3 14 15 16 4  3 17 18  4 4  4 18 19  5 4  5 20 21 22 4  5 23 24  6 4  6 24 14  7 4  8 13 24 25 4  8 26 21 27 4  8 27 28 17 4  9 16 28 29 4  9 29 19 10 4 10 18 29 20 4 11 19 28 27 4 11 27 15 22 4 11 21 26 23 4 12 22 26 25 4 12 25 14 13 4 14 24 23 26 4 15 25 23 22 4 15 21 20 16 4 16 20 29 17 4 17 28 19 18 
 30 4  1  2  3  4 4  0  4  5  2 4  0  1  6  7 4  0  7  8  9 4  0  9 10  1 4  1 10 11 12 4  2 12 13  7 4  2  6 14  3 4  3 15 16 17 4  3 17 18  4 4  4 18 19  5 4  5 20 21 22 4  5 23 13  6 4  6 12 23 14 4  7 13 24 15 4  8 14 25 16 4  8 15 25 26 4  8 26 27  9 4  9 27 19 10 4 10 18 27 20 4 11 19 26 28 4 11 28 29 22 4 11 21 24 23 4 12 22 24 13 4 14 23 22 29 4 15 29 28 16 4 16 20 27 17 4 17 26 19 18 4 20 25 29 21 4 21 28 25 24 
 30 4  1  2  3  4 4  0  4  5  2 4  0  1  6  7 4  0  7  8  9 4  0  9 10  1 4  1 10 11 12 4  2 12 13 14 4  2 14 15  3 4  3 16 17 18 4  3 19 10  4 4  4  9 20  5 4  5 20 21 12 4  5 11 21  6 4  6 21 22 23 4  6 24 15  7 4  7 14 24 16 4  8 15 25 17 4  8 16 26 18 4  8 17 27 19 4  9 18 27 20 4 10 19 27 11 4 11 28 13 12 4 13 28 29 23 4 13 22 29 24 4 14 23 25 15 4 16 24 29 26 4 17 25 29 28 4 18 28 20 19 4 21 27 26 22 4 22 26 25 23 
 30 4  1  2  3  4 4  0  4  5  2 4  0  1  6  7 4  0  7  8  9 4  0  9 10  1 4  1 10 11 12 4  2 12 13  7 4  2  6 13  3 4  3 13 14 15 4  3 15 16  4 4  4 16 11  5 4  5 10 17 18 4  5 19 20  6 4  6 20  8  7 4  8 20 21 22 4  8 22 23  9 4  9 23 17 10 4 11 16 24 25 4 11 25 26 19 4 12 18 21 20 4 12 19 14 13 4 14 19 26 27 4 14 28 23 15 4 15 22 28 16 4 17 28 29 25 4 17 24 29 18 4 18 29 27 21 4 21 26 29 28 4 22 27 24 23 4 24 27 26 25 
 30 4  1  2  3  4 4  0  4  5  2 4  0  1  6  7 4  0  7  8  9 4  0  9 10  1 4  1 10 11 12 4  2 12 13  7 4  2  6 13  3 4  3 13 14 15 4  3 16 17  4 4  4 17 11  5 4  5 10 18 19 4  5 20 21  6 4  6 14  8  7 4  8 13 21 22 4  8 22 23 16 4  9 15 24 17 4  9 16 18 10 4 11 17 24 25 4 11 25 26 20 4 12 19 27 28 4 12 28 22 14 4 14 21 28 15 4 15 27 26 29 4 16 29 25 18 4 18 24 29 19 4 19 29 23 27 4 20 26 23 28 4 20 27 22 21 4 23 26 25 24 
 30 4  1  2  3  4 4  0  4  5  2 4  0  1  6  7 4  0  7  8  9 4  0  9 10  1 4  1 10 11 12 4  2 12 13  7 4  2  6 13  3 4  3 13 14 15 4  3 16 17  4 4  4 17 18  5 4  5 18 19 20 4  5 21 22  6 4  6 14  8  7 4  8 13 22 23 4  8 23 24 16 4  9 15 25 17 4  9 16 25 10 4 10 25 19 11 4 11 18 26 20 4 11 19 27 21 4 12 20 27 28 4 12 29 23 14 4 14 22 29 15 4 15 29 28 26 4 16 26 18 17 4 19 25 24 27 4 20 26 28 21 4 21 27 24 29 4 22 28 24 23 
 30 4  1  2  3  4 4  0  4  5  2 4  0  1  6  7 4  0  7  8  9 4  0  9 10  1 4  1 10 11 12 4  2 12 13  7 4  2  6 13  3 4  3 14 15 16 4  3 16 17  4 4  4 17 18  5 4  5 19 20 12 4  5 11 20  6 4  6 21 14  7 4  8 13 22 23 4  8 24 25 16 4  8 15 17  9 4  9 16 25 10 4 10 26 27 19 4 11 18 28 29 4 11 29 21 12 4 13 20 29 22 4 14 21 29 28 4 14 28 27 24 4 15 23 26 25 4 15 24 26 17 4 18 25 24 27 4 18 26 23 28 4 19 27 23 22 4 19 22 21 20 
 30 4  1  2  3  4 4  0  4  5  2 4  0  1  6  7 4  0  7  8  9 4  0  9 10  1 4  1 10 11 12 4  2 12 13  7 4  2  6 14  3 4  3 15 16 17 4  3 17 18  4 4  4 18 11  5 4  5 10 19 20 4  5 21 13  6 4  6 12 22 14 4  7 13 22 15 4  8 14 22 16 4  8 15 23 24 4  8 24 25  9 4  9 25 26 10 4 11 26 27 20 4 11 19 27 21 4 12 20 23 22 4 13 21 15 14 4 16 21 27 28 4 16 29 25 17 4 17 24 29 18 4 18 29 28 19 4 19 28 23 20 4 23 27 26 29 4 24 28 26 25 
 30 4  1  2  3  4 4  0  4  5  2 4  0  1  6  7 4  0  7  8  9 4  0  9 10  1 4  1 10 11  6 4  2  5 12 13 4  2 13 14  3 4  3 14 15 16 4  3 16 17  4 4  4 17 18  5 4  5 18 19 20 4  6 20 21 13 4  6 12 21  7 4  7 21 22  8 4  8 22 23 24 4  8 24 25  9 4  9 25 26 10 4 10 26 19 11 4 11 18 27 28 4 11 28 22 12 4 12 22 14 13 4 14 21 20 15 4 15 28 27 29 4 15 29 25 16 4 16 24 29 17 4 17 29 27 18 4 19 26 23 28 4 19 27 23 20 4 23 26 25 24 
 30 4  1  2  3  4 4  0  4  5  2 4  0  1  6  7 4  0  7  8  9 4  0  9 10  1 4  1 10 11  6 4  2  5 12 13 4  2 13 14  3 4  3 14 15 16 4  3 17 18  4 4  4 18 19  5 4  5 19 20 21 4  6 21 22 13 4  6 12 22  7 4  7 22 15  8 4  8 14 23 24 4  8 24 25 17 4  9 16 26 18 4  9 17 26 10 4 10 26 20 11 4 11 19 27 28 4 11 28 29 12 4 12 23 14 13 4 15 22 29 24 4 15 23 29 16 4 16 29 28 27 4 17 27 19 18 4 20 26 25 28 4 20 27 25 21 4 21 25 24 23 
 30 4  1  2  3  4 4  0  4  5  2 4  0  1  6  7 4  0  7  8  9 4  0 10 11  1 4  1 11 12 13 4  2 13 14  7 4  2  6  8  3 4  3  7 14 15 4  3 16 17 10 4  4  9 18 11 4  4 10 19  5 4  5 19 20 13 4  5 12 21  6 4  6 22 15  8 4  8 14 22 16 4  9 15 23 17 4  9 16 24 25 4 10 25 26 27 4 11 27 20 12 4 12 19 27 28 4 13 28 23 22 4 14 21 23 15 4 16 22 21 24 4 17 23 29 25 4 17 24 29 18 4 18 29 28 27 4 18 26 20 19 4 20 26 29 21 4 24 28 26 25 
 30 4  1  2  3  4 4  0  4  5  2 4  0  1  6  7 4  0  7  8  9 4  0  9 10  1 4  1 10 11 12 4  2 12 13 14 4  2 14 15  3 4  3 15 16 17 4  3 18 10  4 4  4  9 18  5 4  5 18 19 20 4  5 20 21  6 4  6 21 22 23 4  6 24 15  7 4  7 14 16  8 4  8 15 24 25 4  8 25 19 18 4  9 17 11 10 4 11 17 26 20 4 11 19 21 12 4 12 20 26 13 4 13 26 27 23 4 13 22 27 24 4 14 23 28 16 4 16 28 29 17 4 19 29 22 21 4 22 29 28 23 4 24 27 29 25 4 25 28 27 26 
 30 4  1  2  3  4 4  0  4  5  2 4  0  1  6  7 4  0  7  8  9 4  0  9 10  1 4  1 10 11 12 4  2 12 13 14 4  2 14 15  3 4  3 16 17 18 4  3 18 10  4 4  4  9 18  5 4  5 19 20 12 4  5 11 20  6 4  6 21 22 23 4  6 23 15  7 4  7 14 23 16 4  8 15 24 17 4  8 16 24 19 4  8 19 10  9 4 11 18 17 25 4 11 26 21 12 4 13 20 27 22 4 13 21 27 28 4 13 28 15 14 4 16 28 25 17 4 19 24 29 26 4 20 25 29 27 4 21 26 29 22 4 22 29 24 23 4 25 28 27 26 
 30 4  1  2  3  4 4  0  4  5  2 4  0  1  6  7 4  0  7  8  9 4  0  9 10  1 4  1 10 11  6 4  2  5 12 13 4  2 13 14  3 4  3 14 15 16 4  3 16 17  4 4  4 17 18  5 4  5 18 19 12 4  6 11 20 21 4  6 21 22  7 4  7 22 23  8 4  8 23 19 24 4  8 24 25  9 4  9 25 26 10 4 10 26 27 11 4 11 27 15 20 4 12 19 28 21 4 12 20 28 13 4 13 28 23 14 4 14 22 28 15 4 15 29 25 16 4 16 24 29 17 4 17 29 27 18 4 18 26 29 19 4 20 23 22 21 4 24 27 26 25 
 30 4  1  2  3  4 4  0  4  5  2 4  0  1  6  7 4  0  7  8  9 4  0  9 10  1 4  1 10 11  6 4  2  5 12 13 4  2 13 14  3 4  3 15 16 17 4  3 18 19  4 4  4 19 20  5 4  5 21 22 23 4  6 23 24 13 4  6 12 24  7 4  7 24 25 15 4  8 14 25 26 4  8 26 22 27 4  8 27 28 18 4  9 17 28 29 4  9 29 20 10 4 10 19 29 21 4 11 20 28 27 4 11 27 16 26 4 11 26 25 12 4 12 25 14 13 4 14 24 23 15 4 15 23 22 16 4 16 22 21 17 4 17 21 29 18 4 18 28 20 19 
 30 4  1  2  3  4 4  0  4  5  2 4  0  1  6  7 4  0  7  8  9 4  0  9 10  1 4  1 11 12 13 4  2 13 14  7 4  2  6 14  3 4  3 15 16 17 4  3 18 10  4 4  4  9 18 11 4  5 10 19 20 4  5 21 22 23 4  5 24 25  6 4  6 25 15  7 4  8 14 25 26 4  8 27 22 28 4  8 29 19 18 4  9 17 19 10 4 11 18 17 20 4 11 19 29 21 4 12 20 29 28 4 12 28 16 27 4 12 27 26 24 4 13 23 26 25 4 13 24 15 14 4 15 24 23 27 4 16 26 23 22 4 16 22 21 29 4 17 28 21 20 
 30 4  1  2  3  4 4  0  4  5  2 4  0  1  6  7 4  0  7  8  9 4  0  9 10  1 4  1 11 12 13 4  2 13 14  7 4  2  6 14  3 4  3 15 16 17 4  3 18 10  4 4  4  9 18 11 4  5 10 19 20 4  5 21 22 23 4  5 24 25  6 4  6 25 15  7 4  8 14 25 26 4  8 27 22 28 4  8 29 19 18 4  9 17 19 10 4 11 18 17 29 4 11 29 28 21 4 12 20 28 22 4 12 21 16 23 4 12 22 27 24 4 13 23 27 26 4 13 26 15 14 4 15 25 24 27 4 16 26 24 23 4 16 21 20 29 4 17 28 20 19 
 62 4 1 2 3 4 4 0 4 5 2 4 0 1 6 7 4 0 7 8 9 4 0 10 11 1 4 1 11 12 13 4 2 13 14 15 4 2 15 16 3 4 3 16 17 18 4 3 18 19 10 4 4 9 20 21 4 4 21 22 5 4 5 22 23 24 4 5 24 25 6 4 6 25 26 27 4 6 27 16 7 4 7 15 17 8 4 8 16 27 28 4 8 28 29 9 4 9 29 30 20 4 10 19 31 32 4 10 32 22 11 4 11 21 23 12 4 12 22 32 33 4 12 33 34 13 4 13 34 35 14 4 14 35 36 37 4 14 38 17 15 4 17 38 39 18 4 18 40 41 19 4 19 41 42 31 4 20 30 43 44 4 20 45 23 21 4 23 45 46 24 4 24 47 48 25 4 25 48 49 26 4 26 49 50 51 4 26 51 39 38 4 27 37 39 28 4 28 38 37 40 4 29 39 51 52 4 29 52 53 30 4 30 54 55 43 4 31 42 56 57 4 31 57 46 45 4 32 44 46 33 4 33 45 44 47 4 34 46 57 58 4 34 58 59 35 4 35 60 61 36 4 36 61 52 51 4 36 50 40 37 4 40 50 61 41 4 41 61 60 54 4 42 53 60 59 4 42 59 58 56 4 43 55 58 57 4 43 56 47 44 4 47 56 55 48 4 48 55 54 60 4 49 59 54 53 4 49 53 52 50 
 62 4 1 2 3 4 4 0 4 5 2 4 0 1 6 7 4 0 7 8 9 4 0 10 11 1 4 1 11 12 13 4 2 13 14 7 4 2 6 14 3 4 3 15 16 17 4 3 18 19 10 4 4 9 20 11 4 4 10 20 5 4 5 21 22 23 4 5 24 25 6 4 6 25 26 7 4 8 26 27 28 4 8 29 30 31 4 8 32 33 34 4 9 34 35 19 4 9 18 36 20 4 10 19 36 11 4 12 36 37 38 4 12 39 40 41 4 12 42 43 44 4 13 44 45 25 4 13 24 26 14 4 14 25 45 15 4 15 46 43 47 4 15 47 48 49 4 16 49 50 51 4 16 52 40 53 4 16 53 54 55 4 17 55 56 57 4 17 58 37 59 4 17 59 35 18 4 18 34 59 36 4 19 35 21 20 4 21 59 33 58 4 21 58 57 60 4 22 60 56 54 4 22 53 30 52 4 22 52 51 61 4 23 61 50 48 4 23 47 27 46 4 23 46 45 24 4 24 44 46 26 4 27 45 44 43 4 27 43 48 28 4 28 47 42 49 4 28 48 50 29 4 29 49 42 61 4 29 61 41 52 4 30 51 41 40 4 30 40 54 31 4 31 53 39 55 4 31 54 56 32 4 32 55 39 60 4 32 60 38 58 4 33 57 38 37 4 33 37 35 34 4 38 57 56 39 4 41 51 50 42 
 62 4 1 2 3 4 4 0 4 5 2 4 0 1 6 7 4 0 7 8 9 4 0 10 11 1 4 1 11 12 13 4 2 13 14 7 4 2 6 8 3 4 3 7 14 15 4 3 16 17 10 4 4 9 18 19 4 4 19 20 5 4 5 20 21 22 4 5 23 24 6 4 6 25 15 8 4 8 14 25 16 4 9 15 26 27 4 9 28 29 30 4 10 30 31 32 4 10 32 33 11 4 11 33 21 12 4 12 20 34 22 4 12 21 35 23 4 13 22 35 36 4 13 37 38 25 4 14 24 26 15 4 16 25 38 39 4 16 39 40 28 4 17 27 40 29 4 17 28 41 42 4 17 42 31 18 4 18 30 42 43 4 18 43 44 19 4 19 44 45 20 4 21 45 46 35 4 22 34 46 23 4 23 46 47 37 4 24 36 47 48 4 24 48 49 26 4 26 49 40 27 4 27 39 41 28 4 29 40 50 42 4 29 41 31 30 4 31 50 51 32 4 32 51 52 33 4 33 53 54 34 4 34 47 36 35 4 36 46 54 37 4 37 54 55 38 4 38 55 50 39 4 41 49 56 43 4 43 57 52 44 4 44 51 57 53 4 45 52 58 59 4 45 60 48 47 4 48 60 61 49 4 50 61 58 57 4 51 56 58 52 4 53 57 56 59 4 53 58 61 60 4 54 59 61 55 4 55 60 59 56 
 62 4 1 2 3 4 4 0 4 5 2 4 0 1 6 7 4 0 7 8 9 4 0 10 11 1 4 1 11 12 13 4 2 13 14 7 4 2 6 8 3 4 3 7 14 15 4 3 16 17 10 4 4 9 18 19 4 4 19 20 5 4 5 21 22 23 4 5 24 25 6 4 6 26 15 8 4 8 14 26 16 4 9 15 27 28 4 9 29 30 18 4 10 17 30 31 4 10 31 32 11 4 11 32 33 21 4 12 20 33 34 4 12 34 35 23 4 12 22 36 24 4 13 23 36 37 4 13 37 38 26 4 14 25 27 15 4 16 26 38 39 4 16 40 41 29 4 17 28 41 30 4 17 29 42 18 4 18 43 44 19 4 19 44 45 20 4 20 45 34 21 4 21 33 35 22 4 22 34 46 36 4 23 35 37 24 4 24 36 47 25 4 25 47 48 27 4 27 48 49 40 4 28 39 49 50 4 28 50 42 29 4 30 41 50 43 4 31 42 51 52 4 31 52 53 32 4 32 54 46 33 4 35 45 55 47 4 37 46 56 38 4 38 56 51 39 4 39 51 50 40 4 40 49 42 41 4 43 49 48 57 4 43 58 53 44 4 44 52 58 54 4 45 53 59 60 4 46 60 61 56 4 47 55 61 48 4 51 61 59 58 4 52 57 59 53 4 54 58 57 60 4 54 59 61 55 4 55 60 57 56 
 62 4 1 2 3 4 4 0 4 5 2 4 0 1 6 7 4 0 7 8 9 4 0 10 11 1 4 1 11 12 13 4 2 13 14 7 4 2 6 8 3 4 3 7 14 15 4 3 16 17 18 4 4 18 19 11 4 4 10 20 5 4 5 20 21 13 4 5 12 22 6 4 6 23 15 8 4 8 14 23 16 4 9 15 24 17 4 9 16 25 26 4 9 27 28 10 4 10 29 30 31 4 11 31 21 12 4 12 20 31 32 4 13 33 34 35 4 14 35 24 15 4 16 23 35 25 4 17 24 36 26 4 17 25 36 37 4 18 37 38 39 4 18 40 41 42 4 19 42 43 44 4 19 44 32 31 4 19 30 21 20 4 21 30 44 33 4 22 32 45 46 4 22 47 48 49 4 22 50 24 23 4 25 50 51 26 4 26 51 52 27 4 27 53 48 39 4 27 38 54 55 4 28 55 56 57 4 28 58 45 42 4 28 41 43 29 4 29 42 45 44 4 29 43 32 30 4 33 43 41 46 4 33 45 58 59 4 34 59 56 60 4 34 54 38 49 4 34 48 53 61 4 35 61 51 36 4 36 50 52 37 4 37 51 61 53 4 38 52 61 49 4 39 48 60 55 4 39 54 60 40 4 40 60 47 57 4 40 56 59 58 4 41 57 59 46 4 46 58 57 47 4 47 56 55 54 4 49 53 52 50 
 62 4 1 2 3 4 4 0 4 5 2 4 0 1 6 7 4 0 7 8 9 4 0 9 10 1 4 1 10 11 12 4 2 12 13 14 4 2 14 15 3 4 3 16 17 18 4 3 19 10 4 4 4 9 20 5 4 5 21 22 23 4 5 23 24 6 4 6 25 26 27 4 6 27 15 7 4 7 14 27 16 4 8 15 26 28 4 8 28 29 18 4 8 17 30 19 4 9 18 31 32 4 10 32 33 21 4 11 20 34 22 4 11 21 35 23 4 11 22 24 12 4 12 23 35 25 4 13 24 36 37 4 13 38 16 27 4 13 26 15 14 4 16 39 29 17 4 17 28 39 30 4 18 29 40 41 4 19 41 42 43 4 19 44 45 20 4 20 45 46 34 4 21 33 46 35 4 22 34 47 24 4 25 47 48 49 4 25 50 51 38 4 26 37 52 39 4 28 38 40 29 4 30 39 52 53 4 30 54 42 31 4 31 41 55 56 4 31 56 57 44 4 32 43 58 45 4 32 44 46 33 4 33 45 58 34 4 35 58 48 36 4 36 47 59 60 4 36 60 61 50 4 37 49 54 51 4 37 50 53 52 4 38 51 53 40 4 40 52 51 54 4 41 53 50 55 4 42 54 61 56 4 42 55 61 43 4 43 61 60 59 4 44 59 47 46 4 48 58 57 60 4 48 59 57 49 4 49 57 56 55 
 62 4 1 2 3 4 4 0 4 5 2 4 0 1 6 7 4 0 7 8 9 4 0 9 10 1 4 1 10 11 12 4 2 12 13 14 4 2 15 16 3 4 3 16 17 18 4 3 19 10 4 4 4 9 19 5 4 5 19 20 21 4 5 21 13 6 4 6 12 22 23 4 6 24 25 15 4 7 14 26 16 4 7 15 27 8 4 8 27 28 18 4 8 17 29 19 4 9 18 11 10 4 11 29 30 21 4 11 20 22 12 4 13 21 31 32 4 13 32 33 24 4 14 23 34 35 4 14 36 37 38 4 15 38 39 40 4 16 40 41 17 4 17 41 42 43 4 18 43 44 20 4 20 45 46 31 4 22 30 46 47 4 22 47 33 23 4 23 32 47 48 4 24 48 49 35 4 24 34 50 36 4 25 35 51 52 4 25 53 54 38 4 25 37 55 26 4 26 55 56 40 4 26 39 56 27 4 27 56 42 28 4 28 41 56 55 4 28 54 57 29 4 29 58 49 45 4 30 44 49 48 4 30 48 47 31 4 31 46 33 32 4 33 46 45 34 4 34 45 44 50 4 35 49 59 51 4 36 50 60 52 4 36 51 60 53 4 37 52 61 57 4 37 57 43 55 4 38 54 42 39 4 39 42 41 40 4 43 54 53 58 4 44 57 61 59 4 50 58 61 60 4 51 59 61 52 4 53 60 59 58 
 62 4 1 2 3 4 4 0 4 5 2 4 0 1 6 7 4 0 7 8 9 4 0 9 10 1 4 1 10 11 12 4 2 12 13 14 4 2 15 16 3 4 3 16 17 18 4 3 19 10 4 4 4 9 19 5 4 5 19 20 21 4 5 21 22 6 4 6 23 24 25 4 6 26 27 15 4 7 14 28 16 4 7 15 28 8 4 8 28 29 30 4 8 31 32 19 4 9 18 11 10 4 11 32 33 21 4 11 20 33 12 4 12 33 34 23 4 13 22 35 24 4 13 23 35 36 4 13 36 37 26 4 14 25 37 38 4 14 39 40 41 4 15 41 17 16 4 17 41 42 43 4 17 43 44 31 4 18 30 44 45 4 18 46 47 20 4 20 48 22 21 4 22 48 49 35 4 23 34 49 24 4 24 49 50 25 4 25 50 38 26 4 26 37 51 39 4 27 38 52 53 4 27 54 55 56 4 27 42 29 28 4 29 41 56 43 4 29 42 44 30 4 30 43 56 31 4 31 56 55 46 4 32 45 55 57 4 32 58 50 48 4 33 47 49 34 4 34 48 36 35 4 36 47 51 37 4 38 50 59 52 4 39 51 60 53 4 39 52 60 54 4 40 53 61 57 4 40 57 46 45 4 40 45 44 42 4 46 55 54 58 4 47 57 61 59 4 51 58 61 60 4 52 59 61 53 4 54 60 59 58 
 62 4 1 2 3 4 4 0 4 5 2 4 0 1 6 7 4 0 7 8 9 4 0 9 10 1 4 1 10 11 12 4 2 12 13 14 4 2 15 16 3 4 3 17 18 19 4 3 19 10 4 4 4 9 19 5 4 5 20 21 12 4 5 11 13 6 4 6 12 22 23 4 6 24 25 15 4 7 14 26 16 4 7 15 27 17 4 8 16 27 18 4 8 17 28 29 4 8 20 10 9 4 11 19 29 21 4 11 20 30 22 4 13 21 31 32 4 13 32 33 24 4 14 23 34 35 4 14 36 37 38 4 15 38 39 40 4 16 40 41 17 4 18 41 42 43 4 18 44 45 20 4 21 45 46 31 4 22 30 46 47 4 22 47 33 23 4 23 32 47 48 4 24 48 49 35 4 24 34 50 36 4 25 35 51 52 4 25 53 54 38 4 25 37 55 26 4 26 55 56 40 4 26 39 56 27 4 27 56 42 28 4 28 41 56 55 4 28 55 54 44 4 29 43 54 57 4 29 58 49 30 4 30 48 47 31 4 31 46 33 32 4 33 46 49 34 4 34 48 45 58 4 35 58 59 51 4 36 50 60 52 4 36 51 60 53 4 37 52 61 54 4 37 53 44 43 4 38 43 42 39 4 39 42 41 40 4 44 61 59 58 4 45 57 50 49 4 50 57 61 60 4 51 59 61 52 4 53 60 59 57 
 62 4 1 2 3 4 4 0 4 5 2 4 0 1 6 7 4 0 7 8 9 4 0 9 10 1 4 1 10 11 12 4 2 12 13 14 4 2 15 16 3 4 3 17 18 19 4 3 19 10 4 4 4 9 19 5 4 5 20 21 12 4 5 11 21 6 4 6 22 23 24 4 6 25 26 15 4 7 14 27 16 4 7 15 27 17 4 8 16 28 18 4 8 17 28 29 4 8 20 10 9 4 11 19 29 30 4 11 31 22 12 4 13 21 32 23 4 13 22 32 33 4 13 33 34 25 4 14 24 34 35 4 14 36 37 38 4 15 38 39 16 4 17 39 40 18 4 18 41 42 20 4 20 43 44 31 4 21 30 44 32 4 22 31 44 23 4 23 44 43 24 4 24 45 35 25 4 25 34 46 36 4 26 35 47 48 4 26 49 50 51 4 26 52 53 27 4 27 53 54 28 4 28 54 55 41 4 29 40 50 56 4 29 57 45 43 4 30 42 45 33 4 30 33 32 31 4 34 43 42 57 4 35 57 58 47 4 36 46 59 48 4 36 47 59 49 4 37 48 60 50 4 37 49 41 51 4 37 50 55 52 4 38 51 61 53 4 38 52 61 39 4 39 61 55 40 4 40 54 61 51 4 41 60 58 57 4 42 56 46 45 4 46 56 60 59 4 47 58 60 48 4 49 59 58 56 4 52 55 54 53 
 62 4 1 2 3 4 4 0 4 5 2 4 0 1 6 7 4 0 7 8 9 4 0 9 10 1 4 1 10 11 12 4 2 12 13 7 4 2 6 13 3 4 3 13 14 15 4 3 15 16 4 4 4 17 18 5 4 5 18 19 12 4 5 11 20 6 4 6 20 8 7 4 8 21 22 23 4 8 23 24 9 4 9 24 25 17 4 10 16 26 27 4 10 28 29 11 4 11 29 30 20 4 12 19 21 13 4 14 20 31 32 4 14 33 34 35 4 14 35 24 15 4 15 23 36 16 4 16 36 37 38 4 17 38 39 40 4 17 41 42 28 4 18 27 43 44 4 18 44 45 19 4 19 45 46 31 4 21 30 47 48 4 21 49 50 33 4 22 32 51 52 4 22 52 53 35 4 22 34 53 23 4 24 53 37 25 4 25 36 53 52 4 25 52 51 26 4 26 51 50 54 4 26 54 55 41 4 27 40 56 57 4 27 57 47 43 4 28 42 58 44 4 28 43 58 29 4 29 58 46 30 4 30 45 58 47 4 31 46 42 57 4 31 57 56 49 4 32 48 59 60 4 32 60 39 51 4 33 50 39 38 4 33 38 37 34 4 34 37 36 35 4 39 61 55 40 4 40 54 61 56 4 41 55 59 48 4 41 48 47 42 4 43 46 45 44 4 49 56 61 60 4 49 59 61 50 4 54 60 59 55 
 62 4 1 2 3 4 4 0 4 5 2 4 0 1 6 7 4 0 7 8 9 4 0 9 10 1 4 1 10 11 6 4 2 5 12 13 4 2 13 14 3 4 3 14 15 16 4 3 17 18 4 4 4 18 19 5 4 5 19 20 21 4 6 21 22 23 4 6 23 14 7 4 7 13 23 8 4 8 23 22 24 4 8 24 25 17 4 9 16 26 27 4 9 28 29 10 4 10 29 30 11 4 11 30 31 32 4 11 33 34 12 4 12 35 36 15 4 12 15 14 13 4 15 36 37 16 4 16 37 38 39 4 17 39 40 41 4 17 42 43 28 4 18 27 44 45 4 18 45 30 19 4 19 29 45 20 4 20 45 44 46 4 20 46 47 33 4 21 32 48 49 4 21 50 51 35 4 22 34 52 53 4 22 53 37 24 4 24 36 53 25 4 25 53 52 54 4 25 54 55 26 4 26 55 56 57 4 26 57 58 42 4 27 41 59 47 4 27 47 46 44 4 28 43 46 31 4 28 31 30 29 4 31 44 43 32 4 32 43 42 48 4 33 47 59 60 4 33 60 61 50 4 34 49 56 55 4 34 55 54 52 4 35 51 54 38 4 35 38 37 36 4 38 52 51 39 4 39 51 50 40 4 40 50 61 57 4 40 56 61 41 4 41 61 60 59 4 42 58 60 48 4 48 59 58 49 4 49 58 57 56 
 62 4 1 2 3 4 4 0 4 5 2 4 0 1 6 7 4 0 7 8 9 4 0 9 10 1 4 1 10 11 6 4 2 5 12 13 4 2 13 14 3 4 3 15 16 17 4 3 18 19 4 4 4 19 20 5 4 5 21 22 23 4 6 23 24 25 4 6 25 26 7 4 7 26 27 15 4 8 14 28 29 4 8 30 31 32 4 8 33 34 18 4 9 17 35 36 4 9 36 37 10 4 10 37 38 21 4 11 20 39 40 4 11 41 42 43 4 11 44 45 12 4 12 45 46 25 4 12 24 46 13 4 13 46 27 14 4 14 26 46 28 4 15 27 45 47 4 15 47 48 30 4 16 29 49 50 4 16 50 42 51 4 16 51 52 33 4 17 32 53 54 4 17 54 39 35 4 18 34 55 36 4 18 35 55 19 4 19 55 38 20 4 20 37 55 39 4 21 38 34 56 4 21 56 57 41 4 22 40 52 51 4 22 51 31 50 4 22 50 49 44 4 23 43 58 59 4 23 59 28 24 4 24 27 26 25 4 28 60 48 29 4 29 47 60 49 4 30 48 58 43 4 30 43 42 31 4 31 42 41 32 4 32 41 57 53 4 33 52 61 54 4 33 53 61 34 4 35 38 37 36 4 39 61 57 40 4 40 56 61 52 4 44 49 60 59 4 44 58 60 45 4 47 59 58 48 4 53 57 56 54 
 62 4 1 2 3 4 4 0 4 5 2 4 0 1 6 7 4 0 7 8 9 4 0 9 10 1 4 1 10 11 6 4 2 5 12 13 4 2 13 14 3 4 3 15 16 17 4 3 18 19 4 4 4 19 20 5 4 5 21 22 23 4 6 24 25 13 4 6 12 25 7 4 7 25 26 27 4 8 27 28 29 4 8 30 31 32 4 8 33 34 35 4 9 35 36 19 4 9 18 36 10 4 10 36 37 38 4 11 38 39 40 4 11 41 42 43 4 11 44 45 24 4 12 23 46 26 4 12 26 14 13 4 14 25 24 27 4 14 26 46 15 4 15 46 45 47 4 15 47 48 49 4 16 49 50 51 4 16 51 42 52 4 16 52 53 54 4 17 54 55 56 4 17 56 39 57 4 17 57 37 18 4 18 37 20 19 4 20 36 35 38 4 20 37 57 21 4 21 57 34 56 4 21 56 55 58 4 22 58 53 52 4 22 52 31 51 4 22 51 50 59 4 23 59 48 47 4 23 47 28 46 4 24 45 28 27 4 28 45 44 29 4 29 44 59 60 4 29 60 50 30 4 30 49 60 43 4 30 43 42 31 4 31 42 41 32 4 32 41 58 61 4 32 61 55 33 4 33 54 61 40 4 33 40 39 34 4 34 39 38 35 4 40 61 53 41 4 43 60 48 44 4 48 59 50 49 4 53 58 55 54 
 62 4 1 2 3 4 4 0 4 5 2 4 0 1 6 7 4 0 7 8 9 4 0 9 10 1 4 1 10 11 6 4 2 5 12 13 4 2 13 14 3 4 3 15 16 17 4 3 18 19 4 4 4 19 20 5 4 5 21 22 23 4 6 24 25 13 4 6 12 25 7 4 7 25 26 27 4 8 27 28 29 4 8 30 31 32 4 8 33 34 35 4 9 35 36 37 4 9 37 20 10 4 10 19 37 38 4 11 38 39 40 4 11 41 42 43 4 11 44 45 24 4 12 23 46 26 4 12 26 14 13 4 14 25 24 27 4 14 26 46 15 4 15 46 45 47 4 15 47 48 49 4 16 49 50 51 4 16 51 42 52 4 16 52 53 54 4 17 54 55 56 4 17 56 39 57 4 17 57 36 18 4 18 35 38 37 4 18 36 20 19 4 20 36 57 21 4 21 57 34 56 4 21 56 55 58 4 22 58 53 52 4 22 52 31 51 4 22 51 50 59 4 23 59 48 47 4 23 47 28 46 4 24 45 28 27 4 28 45 44 29 4 29 44 60 49 4 29 48 60 30 4 30 60 59 43 4 30 43 42 31 4 31 42 41 32 4 32 41 58 61 4 32 61 55 33 4 33 54 61 40 4 33 40 39 34 4 34 39 38 35 4 40 61 53 41 4 43 50 60 44 4 48 59 50 49 4 53 58 55 54 
 62 4 1 2 3 4 4 0 4 5 2 4 0 1 6 7 4 0 7 8 9 4 0 9 10 1 4 1 10 11 6 4 2 5 12 13 4 2 14 15 3 4 3 15 16 17 4 3 18 19 4 4 4 20 21 5 4 5 21 22 23 4 6 23 24 25 4 6 25 26 14 4 7 13 27 28 4 7 28 16 8 4 8 15 29 30 4 8 30 31 18 4 9 17 32 33 4 9 33 34 20 4 10 19 35 36 4 10 36 22 11 4 11 21 37 38 4 11 38 39 12 4 12 39 40 25 4 12 24 40 13 4 13 40 41 27 4 14 26 42 28 4 14 27 29 15 4 16 28 42 43 4 16 43 44 17 4 17 44 45 32 4 18 31 46 33 4 18 32 46 19 4 19 46 47 35 4 20 34 48 36 4 20 35 37 21 4 22 36 48 49 4 22 49 50 23 4 23 50 51 24 4 24 51 26 25 4 26 52 53 42 4 27 41 53 29 4 29 53 44 30 4 30 43 54 31 4 31 55 56 46 4 32 45 34 33 4 34 56 57 48 4 35 47 57 37 4 37 57 50 38 4 38 49 58 39 4 39 59 52 40 4 41 51 60 54 4 41 54 43 42 4 44 53 52 55 4 45 54 60 61 4 45 61 58 47 4 47 58 49 48 4 50 57 56 59 4 51 58 61 60 4 52 59 61 55 4 55 60 59 56 
 62 4 1 2 3 4 4 0 4 5 2 4 0 1 6 7 4 0 7 8 9 4 0 9 10 1 4 1 11 12 13 4 2 13 14 7 4 2 6 14 3 4 3 15 16 17 4 3 18 10 4 4 4 9 18 11 4 5 10 19 20 4 5 21 22 23 4 5 24 25 6 4 6 25 26 7 4 8 26 27 28 4 8 29 30 31 4 8 32 33 34 4 9 34 19 10 4 11 18 34 20 4 11 19 35 36 4 12 36 37 38 4 12 39 40 41 4 12 42 43 44 4 13 44 45 25 4 13 24 26 14 4 14 25 45 15 4 15 46 43 47 4 15 48 49 50 4 16 50 51 52 4 16 52 40 53 4 16 53 54 55 4 17 55 56 57 4 17 58 37 59 4 17 35 19 18 4 20 34 59 36 4 20 35 59 21 4 21 59 33 58 4 21 58 57 60 4 22 60 56 54 4 22 53 30 52 4 22 51 49 61 4 23 61 48 47 4 23 47 27 46 4 23 46 45 24 4 24 44 46 26 4 27 45 44 43 4 27 43 42 48 4 28 47 42 61 4 28 61 41 50 4 28 49 51 29 4 29 50 41 52 4 29 51 40 30 4 30 40 54 31 4 31 53 39 55 4 31 54 56 32 4 32 55 39 60 4 32 60 38 58 4 33 57 38 37 4 33 37 36 35 4 38 57 56 39 4 41 49 48 42 
 62 4 1 2 3 4 4 0 4 5 2 4 0 1 6 7 4 0 7 8 9 4 0 9 10 1 4 1 11 12 13 4 2 14 15 7 4 2 6 15 3 4 3 16 17 18 4 3 19 10 4 4 4 9 19 20 4 5 20 21 22 4 5 23 24 25 4 5 26 27 14 4 6 13 28 29 4 6 29 16 7 4 8 15 29 30 4 8 31 32 33 4 8 34 35 19 4 9 18 35 10 4 10 35 36 11 4 11 37 38 39 4 11 40 41 42 4 12 42 43 24 4 12 23 44 25 4 12 24 45 46 4 13 46 47 48 4 13 49 50 51 4 14 51 30 29 4 14 28 16 15 4 16 28 51 52 4 17 52 50 53 4 17 54 44 55 4 17 56 38 57 4 18 57 37 36 4 18 36 20 19 4 20 35 34 37 4 21 36 34 57 4 21 57 33 56 4 21 56 58 40 4 22 39 58 41 4 22 40 55 59 4 22 59 43 23 4 23 42 59 44 4 24 43 32 45 4 25 44 60 46 4 25 45 60 26 4 26 60 54 48 4 26 47 61 49 4 27 48 61 53 4 27 53 31 52 4 27 52 30 28 4 30 51 50 31 4 31 50 49 61 4 32 61 47 60 4 32 59 41 58 4 33 58 39 38 4 33 38 37 34 4 39 56 55 40 4 41 55 43 42 4 45 54 47 46 4 48 54 53 49 
 62 4 1 2 3 4 4 0 4 5 6 4 0 6 7 3 4 0 2 8 9 4 0 9 10 1 4 1 11 12 6 4 1 5 7 2 4 2 6 13 14 4 3 14 15 16 4 3 17 18 4 4 4 18 19 20 4 5 20 21 12 4 5 11 22 23 4 7 23 24 25 4 7 26 27 8 4 8 28 29 16 4 8 15 30 31 4 9 31 32 18 4 9 17 19 10 4 10 18 32 33 4 10 34 21 11 4 11 20 35 22 4 12 21 35 23 4 12 22 36 13 4 13 36 37 25 4 13 24 38 26 4 14 25 38 39 4 14 40 41 28 4 15 27 42 29 4 15 28 43 30 4 16 29 43 31 4 16 30 32 17 4 17 31 33 19 4 19 32 44 34 4 20 33 45 46 4 21 46 36 22 4 23 35 37 24 4 24 36 47 38 4 25 37 47 26 4 26 48 49 40 4 27 39 49 41 4 27 40 50 51 4 28 52 53 43 4 29 42 44 30 4 33 43 53 54 4 34 54 55 56 4 34 57 58 35 4 37 58 59 38 4 39 59 60 61 4 39 61 50 40 4 41 49 61 51 4 41 50 55 52 4 42 51 55 53 4 42 52 54 44 4 44 53 55 45 4 45 54 52 51 4 45 61 60 57 4 46 56 60 58 4 46 57 59 47 4 47 58 60 48 4 48 59 57 56 4 48 56 50 49 
