    1   6   2
    2  14   3
    3  30   7
    4  30   7
    5  30   7
    6  30   7
    7  30   7
    8  30   7
    9  30   7
   10  30   7
   11  30   7
   12  30   7
   13  30   7
   14  30   7
   15  30   6
   16  30   6
   17  30   7
   18  30   7
   19  30   7
   20  30   7
   21  30   7
   22  30   7
   23  62  14
   24  62  14
   25  62  14
   26  62  14
   27  62  13
   28  62  13
   29  62  13
   30  62  14
   31  62  14
   32  62  14
   33  62  14
   34  62  14
   35  62  14
   36  62  14
   37  62  14
   38  62  14
   39  62  14
   40  62  14
   41  62  14
